	126
AEG	0.0	0.274283568069	0.269628537944	0.249705988712	0.28559970429	0.247172991424	0.258993139108	0.350248132191	0.232376148232	0.0	0.0	0.0	0.0	0.0	0.0	0.0	0.0	0.0	0.0	0.0	0.0	0.0	0.0	0.0	0.0	0.0	0.0	0.0	0.0	0.0	0.0	0.0	0.0	0.0	0.0	0.0	0.0	0.0	0.0	0.0	0.0	0.0	0.0	0.0	0.0	0.0	0.0	0.0	0.0	0.0	0.0	0.0	0.0	0.0	0.0	0.0	0.0	0.0	0.0	0.0	0.0	0.0	0.0	0.0	0.0	0.0	0.0	0.0	0.0	0.0	0.0	0.0	0.0	0.0	0.0	0.0	0.0	0.0	0.0	0.0	0.0	0.0	0.0	0.0	0.0	0.0	0.0	0.0	0.0	0.0	0.0	0.0	0.0	0.0	0.0	0.0	0.0	0.0	0.0	0.0	0.0	0.0	0.0	0.0	0.0	0.0	0.0	0.0	0.0	0.0	0.0	0.0	0.0	0.0	0.0	0.0	0.0	0.0	0.0	0.0	0.0	0.0	0.0	0.0	0.0	0.0
AEH	0.274283568069	0.0	0.181785211445	0.24801628173	0.249115210437	0.179004420344	0.22101055297	0.307313517603	0.253245045156	0.0	0.0	0.0	0.0	0.0	0.0	0.0	0.0	0.0	0.0	0.0	0.0	0.0	0.0	0.0	0.0	0.0	0.0	0.0	0.0	0.0	0.0	0.0	0.0	0.0	0.0	0.0	0.0	0.0	0.0	0.0	0.0	0.0	0.0	0.0	0.0	0.0	0.0	0.0	0.0	0.0	0.0	0.0	0.0	0.0	0.0	0.0	0.0	0.0	0.0	0.0	0.0	0.0	0.0	0.0	0.0	0.0	0.0	0.0	0.0	0.0	0.0	0.0	0.0	0.0	0.0	0.0	0.0	0.0	0.0	0.0	0.0	0.0	0.0	0.0	0.0	0.0	0.0	0.0	0.0	0.0	0.0	0.0	0.0	0.0	0.0	0.0	0.0	0.0	0.0	0.0	0.0	0.0	0.0	0.0	0.0	0.0	0.0	0.0	0.0	0.0	0.0	0.0	0.0	0.0	0.0	0.0	0.0	0.0	0.0	0.0	0.0	0.0	0.0	0.0	0.0	0.0
AFD	0.269628537944	0.181785211445	0.0	0.207586190834	0.231726598435	0.147851911121	0.214540676421	0.286254004966	0.210508210784	0.0	0.0	0.0	0.0	0.0	0.0	0.0	0.0	0.0	0.0	0.0	0.0	0.0	0.0	0.0	0.0	0.0	0.0	0.0	0.0	0.0	0.0	0.0	0.0	0.0	0.0	0.0	0.0	0.0	0.0	0.0	0.0	0.0	0.0	0.0	0.0	0.0	0.0	0.0	0.0	0.0	0.0	0.0	0.0	0.0	0.0	0.0	0.0	0.0	0.0	0.0	0.0	0.0	0.0	0.0	0.0	0.0	0.0	0.0	0.0	0.0	0.0	0.0	0.0	0.0	0.0	0.0	0.0	0.0	0.0	0.0	0.0	0.0	0.0	0.0	0.0	0.0	0.0	0.0	0.0	0.0	0.0	0.0	0.0	0.0	0.0	0.0	0.0	0.0	0.0	0.0	0.0	0.0	0.0	0.0	0.0	0.0	0.0	0.0	0.0	0.0	0.0	0.0	0.0	0.0	0.0	0.0	0.0	0.0	0.0	0.0	0.0	0.0	0.0	0.0	0.0	0.0
AFR	0.249705988712	0.24801628173	0.207586190834	0.0	0.260943409525	0.186724744944	0.20976141573	0.310588978606	0.198836129527	0.181774550749	0.0	0.0	0.0	0.0	0.208777689024	0.0	0.0	0.0	0.181078537194	0.0	0.202050832009	0.0	0.0	0.0	0.200537073135	0.0	0.0	0.0	0.167292081645	0.0	0.162775988465	0.0	0.0	0.0	0.0	0.185798458632	0.0	0.0	0.0	0.0	0.0	0.0	0.197838243822	0.0	0.200702345212	0.198555967783	0.0	0.199620273086	0.0	0.183929797888	0.0	0.0	0.0	0.0	0.0	0.0	0.0	0.0	0.0	0.0	0.0	0.0	0.0	0.186150771205	0.0	0.0	0.0	0.0	0.0	0.0	0.0	0.0	0.206229102585	0.0	0.0	0.0	0.0	0.0	0.0	0.0	0.0	0.0	0.0	0.340349581046	0.263723222251	0.0	0.0	0.0	0.0	0.30916941269	0.331020900304	0.315831456075	0.0	0.0	0.0	0.0	0.0	0.0	0.0	0.0	0.0	0.0	0.0	0.0	0.166460903299	0.0	0.0	0.0	0.0	0.0	0.0	0.0	0.0	0.0	0.0	0.0	0.20092898414	0.163589453529	0.171925638202	0.166331931019	0.0	0.214392081956	0.0	0.0	0.20028870793	0.0
AGM	0.28559970429	0.249115210437	0.231726598435	0.260943409525	0.0	0.170203577965	0.239616530051	0.303281436698	0.195202489659	0.0	0.0	0.0	0.0	0.0	0.0	0.0	0.0	0.0	0.0	0.0	0.0	0.0	0.0	0.0	0.0	0.0	0.0	0.0	0.0	0.0	0.0	0.0	0.0	0.0	0.0	0.0	0.0	0.0	0.0	0.0	0.0	0.0	0.0	0.0	0.0	0.0	0.0	0.0	0.0	0.0	0.0	0.0	0.0	0.0	0.0	0.0	0.0	0.0	0.0	0.0	0.0	0.0	0.0	0.0	0.0	0.0	0.0	0.0	0.0	0.0	0.0	0.0	0.0	0.0	0.0	0.0	0.0	0.0	0.0	0.0	0.0	0.0	0.0	0.0	0.0	0.0	0.0	0.0	0.0	0.0	0.0	0.0	0.0	0.0	0.0	0.0	0.0	0.0	0.0	0.0	0.0	0.0	0.0	0.0	0.0	0.0	0.0	0.0	0.0	0.0	0.0	0.0	0.0	0.0	0.0	0.0	0.0	0.0	0.0	0.0	0.0	0.0	0.0	0.0	0.0	0.0
AHC	0.247172991424	0.179004420344	0.147851911121	0.186724744944	0.170203577965	0.0	0.134219091329	0.235839121508	0.158747171559	0.0	0.0	0.0	0.0	0.0	0.0	0.0	0.0	0.0	0.0	0.0	0.0	0.0	0.0	0.0	0.0	0.0	0.0	0.0	0.0	0.0	0.0	0.0	0.0	0.0	0.0	0.0	0.0	0.0	0.0	0.0	0.0	0.0	0.0	0.0	0.0	0.0	0.0	0.0	0.0	0.0	0.0	0.0	0.0	0.0	0.0	0.0	0.0	0.0	0.0	0.0	0.0	0.0	0.0	0.0	0.0	0.0	0.0	0.0	0.0	0.0	0.0	0.0	0.0	0.0	0.0	0.0	0.0	0.0	0.0	0.0	0.0	0.0	0.0	0.0	0.0	0.0	0.0	0.0	0.0	0.0	0.0	0.0	0.0	0.0	0.0	0.0	0.0	0.0	0.0	0.0	0.0	0.0	0.0	0.0	0.0	0.0	0.0	0.0	0.0	0.0	0.0	0.0	0.0	0.0	0.0	0.0	0.0	0.0	0.0	0.0	0.0	0.0	0.0	0.0	0.0	0.0
APG	0.258993139108	0.22101055297	0.214540676421	0.20976141573	0.239616530051	0.134219091329	0.0	0.281242141205	0.216029191028	0.19541274841	0.0	0.213239943483	0.0	0.0	0.224677539753	0.215070773356	0.0	0.0	0.0	0.218634875285	0.0	0.0	0.0	0.176892031316	0.214921286308	0.0	0.216473993434	0.0	0.0	0.195933143915	0.175657412693	0.0	0.0	0.215235023335	0.215946511136	0.0	0.0	0.217558392537	0.0	0.0	0.0	0.0	0.213349873584	0.216723394867	0.0	0.213644909254	0.203712900975	0.0	0.0	0.0	0.0	0.0	0.0	0.0	0.0	0.0	0.215965103371	0.0	0.0	0.194229548068	0.0	0.0	0.0	0.203858412053	0.0	0.175209598365	0.0	0.0	0.0	0.196025062489	0.0	0.21993128136	0.0	0.213712864538	0.0	0.216471214654	0.258391823688	0.0	0.0	0.217376533431	0.0	0.23152790487	0.0	0.322789908479	0.0	0.0	0.0	0.0	0.0	0.29108493927	0.346700554202	0.0	0.0	0.0	0.252578174427	0.305279451408	0.0	0.0	0.267478232499	0.0	0.2591540472	0.0	0.0	0.0	0.0	0.0	0.0	0.215913927784	0.0	0.0	0.0	0.0	0.192136066011	0.0	0.0	0.173725923933	0.0	0.0	0.184264338143	0.176221082739	0.179439752854	0.0	0.0	0.0	0.0	0.0
APH	0.350248132191	0.307313517603	0.286254004966	0.310588978606	0.303281436698	0.235839121508	0.281242141205	0.0	0.270463372946	0.0	0.0	0.0	0.0	0.0	0.0	0.0	0.0	0.0	0.0	0.0	0.0	0.2701259934	0.269845995697	0.0	0.0	0.0	0.268986184314	0.0	0.0	0.0	0.0	0.0	0.0	0.0	0.0	0.0	0.0	0.0	0.0	0.0	0.0	0.0	0.0	0.0	0.0	0.0	0.0	0.0	0.0	0.0	0.0	0.268318935403	0.0	0.0	0.272256587204	0.0	0.0	0.0	0.0	0.0	0.0	0.0	0.0	0.0	0.0	0.0	0.0	0.0	0.0	0.249473057767	0.277674950918	0.0	0.0	0.0	0.0	0.0	0.0	0.0	0.0	0.0	0.0	0.0	0.0	0.282967732482	0.0	0.0	0.0	0.0	0.0	0.0	0.0	0.0	0.0	0.0	0.0	0.0	0.0	0.352152579795	0.287796425323	0.0	0.0	0.0	0.0	0.0	0.0	0.271439215695	0.0	0.0	0.0	0.0	0.0	0.0	0.0	0.0	0.0	0.0	0.0	0.0	0.0	0.0	0.0	0.0	0.0	0.0	0.0	0.0
BE001	0.232376148232	0.253245045156	0.210508210784	0.198836129527	0.195202489659	0.158747171559	0.216029191028	0.270463372946	0.0	0.104587540002	0.0	0.0	0.0	0.0	0.085170812979	0.0	0.0	0.0	0.0	0.0	0.0851992947965	0.0	0.0	0.0	0.081376899175	0.0	0.0	0.0	0.0989801417835	0.0	0.0956915026243	0.0	0.0	0.0	0.0	0.0	0.0	0.0	0.0	0.0	0.0	0.0	0.04899864927	0.0	0.0679364057591	0.0604639608727	0.0	0.0769537286923	0.0	0.0	0.0	0.0	0.0	0.0	0.0	0.0	0.0	0.0	0.0	0.0	0.0	0.0	0.0	0.105879000844	0.0	0.0	0.0	0.0	0.0	0.0	0.0	0.0	0.0976867435675	0.0	0.0	0.0	0.0	0.0	0.0	0.0	0.0	0.0	0.0	0.302011409795	0.226257983112	0.0	0.0	0.0	0.0	0.292482709424	0.299744572044	0.272927002498	0.0	0.0	0.0	0.0	0.0	0.0	0.0	0.0	0.0	0.0	0.0	0.0	0.0988270047813	0.0	0.0	0.0	0.0	0.0	0.0	0.0	0.0	0.0	0.0	0.0	0.0454147624759	0.0979919415227	0.0989115534306	0.0951693640803	0.0	0.137069685719	0.0	0.0	0.0	0.0
BE002	0.0	0.0	0.0	0.181774550749	0.0	0.0	0.19541274841	0.0	0.104587540002	0.0	0.0	0.0	0.105220918553	0.0	0.0	0.0	0.0	0.0	0.0784094240683	0.0	0.108231100149	0.110558735572	0.0	0.0	0.0	0.0	0.0	0.0	0.0698090522611	0.0	0.0	0.0	0.0	0.0	0.0	0.0736266839402	0.0	0.0	0.0	0.0	0.0	0.0	0.0	0.0	0.108738480442	0.0	0.0	0.106883395804	0.0	0.0785235918571	0.0	0.107172443925	0.0	0.0	0.109323095001	0.0	0.0	0.0	0.0	0.0	0.0	0.0	0.0	0.0756236784555	0.0	0.0	0.0	0.0	0.0	0.0777312868294	0.113556330307	0.0	0.0	0.0	0.0	0.0	0.0	0.0	0.0	0.0	0.0	0.0	0.0	0.0	0.202484046033	0.234477935955	0.0	0.0	0.0	0.0	0.0	0.0	0.0	0.0	0.0	0.0	0.0	0.246385829992	0.0	0.0	0.0	0.0	0.0	0.160220154563	0.0699376138272	0.0	0.0	0.0	0.0	0.0	0.0	0.0	0.0	0.109961908877	0.0	0.0	0.106428776914	0.0686151917476	0.0	0.0	0.0	0.0	0.0	0.0	0.110071158596	0.0
BE004	0.0	0.0	0.0	0.0	0.0	0.0	0.0	0.0	0.0	0.0	0.0	0.0	0.0	0.0	0.0	0.0	0.0	0.0	0.0	0.0	0.0	0.0	0.0	0.0	0.0	0.0	0.0	0.0	0.0	0.0	0.0	0.0	0.0	0.0	0.0	0.0	0.0	0.0	0.0	0.0	0.0	0.0	0.0	0.0	0.0	0.0	0.0	0.0	0.0	0.0	0.0	0.0	0.0	0.0	0.0	0.0	0.0	0.0	0.0	0.0	0.0	0.0	0.0	0.0	0.0	0.0	0.0	0.0	0.0	0.0	0.0	0.0	0.0	0.0	0.0	0.0	0.0	0.0	0.0	0.0	0.0	0.0	0.0	0.0	0.0	0.0	0.0	0.0	0.0	0.0	0.0	0.0	0.0	0.0	0.0	0.0	0.0	0.0	0.0	0.0	0.0	0.0	0.0	0.0	0.0	0.0	0.0	0.0	0.0	0.0	0.0	0.0	0.0	0.0	0.0	0.0	0.0	0.0	0.0	0.0719949690285	0.0	0.0	0.0	0.15786456695	0.0	0.0
BE005	0.0	0.0	0.0	0.0	0.0	0.0	0.213239943483	0.0	0.0	0.0	0.0	0.0	0.0788981828804	0.0	0.0996928557489	0.0	0.0	0.0	0.0	0.0	0.0	0.0	0.0	0.0	0.0943023552281	0.0	0.0	0.0	0.0	0.0	0.0887075671904	0.0	0.0	0.0	0.0	0.0	0.0	0.0	0.0	0.0	0.0	0.0	0.0947879253755	0.0	0.0	0.0922575280584	0.0	0.0	0.0	0.0	0.0	0.0	0.0	0.0	0.0	0.0	0.0	0.0	0.0	0.0	0.0	0.0	0.0	0.0	0.0	0.0	0.0	0.0	0.0	0.0	0.0	0.0	0.103088257378	0.0	0.0	0.0	0.0	0.0	0.0	0.0	0.0	0.0	0.0	0.29746445532	0.0	0.0	0.0	0.0	0.0	0.286881140827	0.0	0.266120430008	0.0	0.0	0.0	0.0	0.0	0.0	0.0	0.0	0.0	0.0	0.0	0.0	0.0	0.0	0.0	0.0	0.0	0.0	0.0	0.0	0.101166872978	0.0957540283344	0.0	0.0	0.0937120775664	0.0	0.096229973947	0.0906506489423	0.0	0.130697364412	0.0	0.0	0.0	0.0
BE006	0.0	0.0	0.0	0.0	0.0	0.0	0.0	0.0	0.0	0.105220918553	0.0	0.0788981828804	0.0	0.0	0.113073139649	0.103179357059	0.0	0.0	0.0	0.108403905164	0.0	0.0	0.0	0.0969106136983	0.105399544817	0.0	0.0	0.0	0.0	0.104051394089	0.095071397859	0.0	0.0	0.107146714077	0.08401455478	0.0	0.0	0.107046007525	0.0	0.0	0.0	0.0	0.106552900861	0.104946588754	0.104692427215	0.10311285206	0.102180172063	0.0	0.0	0.0	0.0	0.0	0.0	0.0	0.0	0.0	0.106547599221	0.0	0.0	0.103669453106	0.0	0.0	0.0	0.106690476787	0.0	0.0965839271261	0.0	0.0	0.0	0.0	0.0	0.107980249571	0.0	0.105212620772	0.0	0.10848570158	0.134860111678	0.0	0.0	0.0814284517645	0.0	0.0885478968064	0.0	0.0	0.0	0.0	0.0	0.0	0.0	0.294173684074	0.299402320451	0.0	0.0	0.0	0.224215076539	0.268304277092	0.0	0.0	0.0	0.0	0.136150770114	0.0	0.0	0.0	0.0	0.0	0.0	0.108581277402	0.0	0.0	0.0	0.0	0.106293194938	0.0	0.0	0.0930507528834	0.0	0.0	0.102562480118	0.0963750564858	0.0969417028431	0.0	0.0	0.0	0.0	0.0
BE007	0.0	0.0	0.0	0.0	0.0	0.0	0.0	0.0	0.0	0.0	0.0	0.0	0.0	0.0	0.0	0.0	0.0	0.0796730525778	0.0	0.0	0.0	0.0	0.0	0.0	0.0	0.0	0.0	0.0	0.0	0.0	0.0	0.0	0.0	0.0	0.0	0.0	0.0	0.0	0.0	0.0	0.0	0.0	0.0	0.0	0.0	0.0	0.0	0.0	0.0	0.0	0.0	0.0	0.0	0.0	0.0	0.0	0.0	0.0	0.0	0.0	0.0	0.0	0.0	0.0	0.0	0.0	0.0	0.0	0.0	0.0	0.0	0.0	0.0	0.0	0.0	0.0	0.0	0.0	0.0	0.0	0.0	0.0	0.0	0.0	0.0	0.0	0.0	0.0	0.0	0.0	0.0	0.0	0.0	0.0	0.0	0.0	0.0	0.0	0.0	0.0	0.0	0.0	0.0	0.0	0.0	0.0	0.0	0.0	0.0	0.0	0.0	0.0	0.0	0.0	0.0	0.0	0.0	0.0	0.0	0.0	0.0	0.0	0.0	0.0	0.0	0.0
BE008	0.0	0.0	0.0	0.208777689024	0.0	0.0	0.224677539753	0.0	0.085170812979	0.0	0.0	0.0996928557489	0.113073139649	0.0	0.0	0.0	0.0	0.0	0.113872827442	0.0	0.0727565975863	0.130105956153	0.0	0.0	0.0	0.0	0.0	0.0	0.107821867853	0.0	0.0	0.0	0.0	0.0	0.0	0.117482202978	0.0	0.0	0.0	0.0	0.0	0.0	0.0885583615431	0.0	0.089429231533	0.0	0.0	0.0895913759178	0.0	0.115051121473	0.0	0.0911767747347	0.0	0.0	0.0923734661394	0.0	0.0	0.0	0.0	0.115047382322	0.0	0.0	0.0	0.11338801949	0.0	0.0	0.0	0.0	0.0	0.0	0.0981082882417	0.0	0.109893174797	0.0	0.0	0.0	0.0	0.0	0.0	0.0	0.0	0.0	0.0	0.0	0.234720314805	0.268791420383	0.0	0.0	0.0	0.0	0.0	0.278529651541	0.0	0.0	0.229226377056	0.278489334535	0.0	0.266954220428	0.0	0.0	0.0	0.0	0.0	0.143521458613	0.106391218001	0.0	0.0	0.0	0.0	0.0	0.0	0.0	0.0	0.121219760018	0.0	0.103122309878	0.0867616650221	0.105381566458	0.0	0.0	0.107468463883	0.0	0.0	0.0	0.109038854939	0.0
BE009	0.0	0.0	0.0	0.0	0.0	0.0	0.215070773356	0.0	0.0	0.0	0.0	0.0	0.103179357059	0.0	0.0	0.0	0.0	0.0	0.0	0.0	0.0	0.123736821859	0.0	0.0	0.0	0.0	0.0	0.0	0.0	0.0	0.0	0.0	0.0	0.0	0.0	0.0	0.0	0.0	0.0	0.0	0.0	0.0	0.0	0.0	0.0	0.0	0.0	0.0	0.0	0.0	0.0	0.0385168938277	0.0	0.0	0.0855280958852	0.0	0.0	0.0	0.0	0.0	0.0	0.0	0.0	0.0	0.0	0.0	0.0	0.0	0.0	0.106889794298	0.0913008010175	0.0	0.0	0.0	0.0	0.0	0.0	0.0	0.0	0.0	0.0	0.0	0.0	0.0	0.0	0.0	0.0	0.0	0.0	0.0	0.0	0.0	0.0	0.0	0.0	0.0	0.0	0.259589752772	0.0	0.0	0.0	0.0	0.0	0.139753389918	0.0	0.0	0.0	0.0	0.0	0.0	0.0	0.0	0.0	0.114720493329	0.0	0.0	0.0	0.0	0.0	0.0	0.0	0.0	0.0	0.0	0.0	0.0
BE011	0.0	0.0	0.0	0.0	0.0	0.0	0.0	0.0	0.0	0.0	0.0	0.0	0.0	0.0	0.0	0.0	0.0	0.107262848979	0.0	0.0	0.0	0.0	0.0	0.0	0.0	0.0	0.0	0.0	0.0	0.0	0.0	0.0	0.0	0.0	0.0	0.0	0.0	0.0	0.0	0.0	0.11183545986	0.0	0.0	0.0	0.0	0.0	0.0	0.0	0.0	0.0	0.0	0.0	0.0	0.0	0.0	0.0	0.0	0.0	0.0	0.0	0.0	0.0	0.0	0.0	0.0	0.0	0.0	0.0	0.0	0.0	0.0	0.0	0.0	0.0	0.0	0.0	0.0	0.0	0.0	0.0	0.0	0.0	0.0	0.0	0.0	0.0	0.0	0.0	0.0	0.0	0.0	0.0	0.0	0.0	0.0	0.0	0.0	0.0	0.0	0.0	0.0	0.0	0.0	0.0	0.0	0.0	0.0	0.0	0.0	0.0	0.0	0.0	0.0	0.0	0.0	0.0	0.0	0.0	0.0	0.0	0.0	0.0	0.0	0.0	0.0	0.0
BE012	0.0	0.0	0.0	0.0	0.0	0.0	0.0	0.0	0.0	0.0	0.0	0.0	0.0	0.0796730525778	0.0	0.0	0.107262848979	0.0	0.0	0.0	0.0	0.0	0.0	0.0	0.0	0.0	0.0	0.0	0.0	0.0	0.0	0.108682718674	0.0	0.0	0.0	0.0	0.0929018634943	0.0	0.0819169922074	0.0	0.0	0.100259199037	0.0	0.0	0.0	0.0	0.0	0.0	0.0	0.0	0.0	0.0	0.0819903405164	0.0850701451217	0.0	0.0240373074039	0.0	0.0641996858998	0.0632092210715	0.0	0.0	0.10911854432	0.110887532894	0.0	0.0228457254666	0.0	0.0824271289993	0.0826141094418	0.109037978043	0.0	0.0	0.0	0.0	0.0	0.0827297068254	0.0	0.0	0.120065308026	0.0940579460745	0.0	0.0	0.0	0.0	0.0	0.0	0.0	0.285042647797	0.0	0.0	0.0	0.0	0.0	0.226861283966	0.30158074344	0.0	0.0	0.0	0.0	0.0	0.10262952343	0.0	0.136795982834	0.139820936529	0.0	0.0	0.0	0.117810265759	0.0	0.114161259555	0.0	0.11206956234	0.0	0.0	0.0	0.0	0.0	0.0	0.0	0.0	0.0979235770462	0.0	0.0	0.0	0.151407031632	0.0	0.1018095889
BE013	0.0	0.0	0.0	0.181078537194	0.0	0.0	0.0	0.0	0.0	0.0784094240683	0.0	0.0	0.0	0.0	0.113872827442	0.0	0.0	0.0	0.0	0.0	0.110544620671	0.0	0.107724341799	0.0	0.10694899349	0.0	0.0	0.0	0.0	0.0	0.0718358454584	0.0	0.0	0.0	0.0	0.0	0.0	0.0	0.0	0.0	0.0	0.0	0.0	0.0	0.107048019507	0.105414122646	0.0	0.0	0.0	0.0	0.0	0.0	0.0	0.0	0.0	0.0	0.0	0.0	0.0	0.0	0.0	0.0	0.0	0.0751588683771	0.0	0.0	0.0	0.0	0.0	0.0	0.0	0.0	0.0	0.0	0.0	0.0	0.0	0.0	0.0	0.0	0.0	0.0	0.0	0.279410716851	0.205699335183	0.0	0.0	0.0	0.0	0.280490928403	0.285876819342	0.0	0.0	0.0	0.0	0.0	0.0	0.0	0.0	0.0	0.0	0.0	0.0	0.0	0.0	0.0	0.0	0.0	0.0	0.0	0.0	0.0	0.0	0.0	0.0	0.0	0.0	0.0	0.0808671872789	0.0718178916922	0.0	0.133664472631	0.0	0.0	0.0	0.0
BE015	0.0	0.0	0.0	0.0	0.0	0.0	0.218634875285	0.0	0.0	0.0	0.0	0.0	0.108403905164	0.0	0.0	0.0	0.0	0.0	0.0	0.0	0.0	0.126336819585	0.0	0.0	0.0	0.0	0.0	0.0	0.0	0.0	0.0	0.0	0.0	0.0	0.0	0.0	0.0	0.0	0.0	0.0	0.0	0.0	0.0	0.0	0.0	0.0	0.0	0.0	0.0	0.0	0.0	0.0844722331955	0.0	0.0	0.0880137995077	0.0	0.0	0.0	0.0	0.0	0.0	0.0	0.0	0.0	0.0	0.0	0.0	0.0	0.0	0.109204796327	0.0938776559433	0.0	0.0	0.0	0.0	0.0	0.0	0.0	0.0	0.0	0.0	0.0	0.0	0.0	0.0	0.0	0.0	0.0	0.0	0.0	0.0	0.0	0.0	0.0	0.0	0.0	0.0	0.264182439379	0.0	0.0	0.143832804838	0.0	0.0	0.142675548119	0.0	0.0	0.0	0.0	0.0	0.0	0.0	0.0	0.0	0.117527446267	0.0	0.0	0.0	0.0	0.0	0.0	0.0	0.0	0.0	0.0	0.0	0.0
BE016	0.0	0.0	0.0	0.202050832009	0.0	0.0	0.0	0.0	0.0851992947965	0.108231100149	0.0	0.0	0.0	0.0	0.0727565975863	0.0	0.0	0.0	0.110544620671	0.0	0.0	0.0	0.0	0.0	0.0426984773389	0.0	0.0	0.0	0.103685142941	0.0	0.0997449742103	0.0	0.0	0.0	0.0	0.114437245731	0.0	0.0	0.0	0.0	0.0	0.0	0.0819373658728	0.0	0.0837820771892	0.0836092998196	0.0	0.0818114991288	0.0	0.110919241342	0.0	0.0	0.0	0.0	0.0	0.0	0.0	0.0	0.0	0.0	0.0	0.0	0.0	0.113209324758	0.0	0.0	0.0	0.0	0.0	0.0	0.0	0.0	0.103612026624	0.0	0.0	0.0	0.0	0.0	0.0	0.0	0.0	0.0	0.0	0.304656467087	0.226483600136	0.0	0.0	0.0	0.0	0.296217390479	0.304163704944	0.275684987262	0.0	0.0	0.0	0.0	0.0	0.0	0.0	0.0	0.0	0.0	0.0	0.0	0.10134924141	0.0	0.0	0.0	0.0	0.0	0.0	0.0	0.0	0.0	0.0	0.0	0.0835161395304	0.0993931250125	0.106594802858	0.102180903667	0.0	0.138841419693	0.0	0.0	0.104583138688	0.0
BE018	0.0	0.0	0.0	0.0	0.0	0.0	0.0	0.2701259934	0.0	0.110558735572	0.0	0.0	0.0	0.0	0.130105956153	0.123736821859	0.0	0.0	0.0	0.126336819585	0.0	0.0	0.12296451747	0.0996137025722	0.121971578599	0.0	0.117733029712	0.0	0.0	0.113246291297	0.0	0.0	0.0	0.127007958864	0.116770004773	0.0	0.0	0.125698462846	0.0	0.0	0.0	0.0	0.0	0.127598167474	0.0	0.123175214483	0.117144461628	0.0	0.0	0.0	0.0	0.0	0.0	0.0	0.0	0.0	0.124859670413	0.0	0.0	0.113292688067	0.0	0.0	0.0	0.0	0.0	0.102380081954	0.0	0.0	0.0	0.114609086018	0.130159086862	0.128345556875	0.0	0.0	0.0	0.1278679242	0.132122137562	0.0	0.0	0.118389857516	0.0	0.130701384891	0.0	0.304906591218	0.0	0.0	0.0	0.0	0.0	0.297000928418	0.303721384365	0.0	0.0	0.0	0.0	0.0	0.0	0.0	0.233110959786	0.0	0.135750092952	0.0	0.0	0.0	0.0	0.117920913074	0.0	0.123317235105	0.0	0.0	0.0	0.0	0.0	0.0	0.110202033324	0.0	0.0	0.0	0.107073158144	0.0995127339951	0.0	0.130718277029	0.0	0.0	0.0	0.0
BE019	0.0	0.0	0.0	0.0	0.0	0.0	0.0	0.269845995697	0.0	0.0	0.0	0.0	0.0	0.0	0.0	0.0	0.0	0.0	0.107724341799	0.0	0.0	0.12296451747	0.0	0.0	0.0	0.0	0.0	0.0	0.0963604544597	0.0	0.0	0.0	0.0	0.0	0.0	0.110110546422	0.0	0.0	0.0	0.0	0.0	0.0	0.0	0.0	0.0	0.0	0.0	0.0	0.0	0.0	0.0	0.0659763127453	0.0	0.0	0.0852628340068	0.0	0.0	0.0	0.0	0.0	0.0	0.0	0.0	0.0	0.0	0.0	0.0	0.0	0.0	0.0	0.0	0.0	0.0	0.0	0.0	0.0	0.0	0.0	0.0	0.0	0.0	0.0	0.0	0.0	0.0	0.0	0.0	0.0	0.0	0.0	0.0	0.0	0.0	0.0	0.0	0.0	0.0	0.257425478167	0.0	0.0	0.0	0.0	0.0	0.139509678258	0.0971683094488	0.0	0.0	0.0	0.0	0.0	0.0	0.0	0.0	0.114504546545	0.0	0.0	0.0	0.0958333202047	0.0	0.0	0.0	0.0	0.0	0.0	0.103290438698	0.0
BE020	0.0	0.0	0.0	0.0	0.0	0.0	0.176892031316	0.0	0.0	0.0	0.0	0.0	0.0969106136983	0.0	0.0	0.0	0.0	0.0	0.0	0.0	0.0	0.0996137025722	0.0	0.0	0.0995644378723	0.0	0.0	0.0	0.0	0.0685218605928	0.0	0.0	0.0	0.0999853070377	0.0	0.0	0.0	0.0	0.0	0.0	0.0	0.0	0.0986372426089	0.0	0.0	0.0992329323107	0.0	0.0	0.0	0.0	0.0	0.0984631128252	0.0	0.0	0.10114819894	0.0	0.0	0.0	0.0	0.0719670374459	0.0	0.0	0.0	0.0	0.0	0.0	0.0	0.0	0.0	0.0	0.106599733205	0.106586956307	0.108418969489	0.0	0.0	0.0	0.0	0.0	0.0	0.0	0.0	0.0	0.0	0.0	0.0	0.0	0.0	0.0	0.0	0.0	0.0	0.231936268003	0.0	0.0	0.0	0.0	0.0	0.23117002246	0.0	0.0	0.0	0.0	0.0	0.167504641303	0.0	0.0	0.0	0.0	0.0	0.0	0.0	0.0	0.0	0.0982952527578	0.0	0.0	0.0979920471831	0.0	0.0455709476063	0.0	0.0	0.0	0.0	0.0	0.0	0.0
BE022	0.0	0.0	0.0	0.200537073135	0.0	0.0	0.214921286308	0.0	0.081376899175	0.0	0.0	0.0943023552281	0.105399544817	0.0	0.0	0.0	0.0	0.0	0.10694899349	0.0	0.0426984773389	0.121971578599	0.0	0.0995644378723	0.0	0.0	0.0	0.0	0.100382769805	0.103212186949	0.0982699683213	0.0	0.0	0.0807983825717	0.0	0.11059125736	0.0	0.0	0.0	0.0	0.0	0.0	0.0799706602924	0.0	0.0813336427161	0.0	0.0	0.078998301013	0.0	0.107611312606	0.0	0.0810614693543	0.0	0.0	0.0843373752095	0.0	0.0339216304928	0.0	0.0	0.10786513463	0.0	0.0	0.0	0.108898817001	0.0	0.0	0.0	0.0	0.0	0.0	0.0886655504357	0.0987358107229	0.101367117355	0.0813874452698	0.0	0.0	0.0	0.0	0.0	0.0	0.0	0.0	0.0	0.0	0.224178265655	0.260052275618	0.0	0.0	0.0	0.0	0.0	0.272806095574	0.0	0.0	0.224680040314	0.270119426443	0.0	0.260192487202	0.0	0.0	0.0	0.0	0.0	0.135687151971	0.0995797658581	0.0	0.0	0.0320775196516	0.0	0.0	0.0	0.0	0.113071836303	0.115464833794	0.0	0.0964472169958	0.0814326155294	0.0974501572194	0.0	0.0	0.101479919115	0.0	0.0	0.0	0.101059619754	0.0
BE023	0.0	0.0	0.0	0.0	0.0	0.0	0.0	0.0	0.0	0.0	0.0	0.0	0.0	0.0	0.0	0.0	0.0	0.0	0.0	0.0	0.0	0.0	0.0	0.0	0.0	0.0	0.0	0.0	0.0	0.0	0.0	0.0	0.0	0.0	0.0	0.0	0.0	0.0	0.0	0.0	0.0	0.0	0.0	0.0	0.0	0.0	0.0	0.0	0.0	0.0	0.0	0.0	0.0	0.0	0.0	0.0	0.0	0.0	0.0	0.0	0.0	0.0	0.0	0.0	0.0	0.0	0.0	0.0	0.0	0.0	0.0	0.0	0.0	0.0	0.0	0.0	0.0	0.0	0.0	0.0	0.0	0.0	0.0	0.0	0.0	0.0	0.0	0.0	0.0	0.0	0.0	0.0	0.0	0.0	0.0	0.0	0.0	0.0	0.0	0.0	0.0	0.0	0.0	0.0	0.0	0.0	0.0	0.0	0.0	0.0	0.0	0.0	0.0	0.0	0.0	0.0	0.0	0.0	0.0	0.103710653663	0.0	0.0	0.0	0.150245550151	0.0	0.0
BE025	0.0	0.0	0.0	0.0	0.0	0.0	0.216473993434	0.268986184314	0.0	0.0	0.0	0.0	0.0	0.0	0.0	0.0	0.0	0.0	0.0	0.0	0.0	0.117733029712	0.0	0.0	0.0	0.0	0.0	0.0	0.0	0.0	0.0	0.0	0.0	0.0	0.0	0.0	0.0	0.0	0.0	0.0	0.0	0.0	0.0	0.0	0.0	0.0	0.0	0.0	0.0	0.0	0.0	0.0999979927234	0.0	0.0	0.0995975984742	0.0	0.0	0.0	0.0	0.0	0.0	0.0	0.0	0.0	0.0	0.0	0.0	0.0	0.0	0.0	0.104188016584	0.0	0.0	0.0	0.0	0.0	0.0	0.0	0.0	0.0	0.0	0.0	0.0	0.0	0.0	0.0	0.0	0.0	0.0	0.0	0.0	0.0	0.0	0.0	0.0	0.0	0.0	0.257066657324	0.0	0.0	0.0	0.0	0.0	0.125489186822	0.0	0.0	0.0	0.0	0.0	0.0	0.0	0.0	0.0	0.0899414059473	0.0	0.0	0.0	0.0	0.0	0.0	0.0	0.0	0.0	0.0	0.0	0.0
BE028	0.0	0.0	0.0	0.0	0.0	0.0	0.0	0.0	0.0	0.0	0.0	0.0	0.0	0.0	0.0	0.0	0.0	0.0	0.0	0.0	0.0	0.0	0.0	0.0	0.0	0.0	0.0	0.0	0.0	0.0	0.0	0.0	0.0	0.0	0.0	0.0	0.0	0.0	0.0	0.0	0.0	0.0	0.0	0.0	0.0	0.0	0.0	0.0	0.0	0.0	0.0	0.0	0.0	0.0	0.0	0.0	0.0	0.0	0.0	0.0	0.0	0.0	0.0	0.0	0.0	0.0	0.0	0.0	0.0	0.0	0.0	0.0	0.0	0.0	0.0	0.0	0.0	0.0	0.0	0.0	0.0	0.0	0.0	0.0	0.0	0.0	0.0	0.0	0.0	0.0	0.0	0.0	0.0	0.0	0.0	0.0	0.0	0.0	0.0	0.0	0.0	0.0	0.0	0.0	0.0	0.0	0.0	0.0	0.0	0.0	0.0	0.0	0.0	0.0	0.0	0.0	0.0	0.0	0.0	0.0	0.0	0.0	0.0	0.0	0.0	0.0
BE030	0.0	0.0	0.0	0.167292081645	0.0	0.0	0.0	0.0	0.0989801417835	0.0698090522611	0.0	0.0	0.0	0.0	0.107821867853	0.0	0.0	0.0	0.0	0.0	0.103685142941	0.0	0.0963604544597	0.0	0.100382769805	0.0	0.0	0.0	0.0	0.0	0.0389941930403	0.0	0.0	0.0	0.0	0.0	0.0	0.0	0.0	0.0	0.0	0.0	0.0	0.0	0.100073006857	0.098276995745	0.0	0.0	0.0	0.0	0.0	0.0	0.0	0.0	0.0	0.0	0.0	0.0	0.0	0.0	0.0	0.0	0.0	0.0761881583496	0.0	0.0	0.0	0.0	0.0	0.0	0.0	0.0	0.0	0.0	0.0	0.0	0.0	0.0	0.0	0.0	0.0	0.0	0.0	0.264023496365	0.188189210054	0.0	0.0	0.0	0.0	0.262366595011	0.26857580314	0.238713030348	0.0	0.0	0.0	0.0	0.0	0.0	0.0	0.0	0.0	0.0	0.0	0.0	0.0	0.0	0.0	0.0	0.0	0.0	0.0	0.0	0.0	0.0	0.0	0.0	0.100727637941	0.0	0.033365480396	0.0364893710423	0.0	0.128859251505	0.0	0.0	0.0	0.0
BE032	0.0	0.0	0.0	0.0	0.0	0.0	0.195933143915	0.0	0.0	0.0	0.0	0.0	0.104051394089	0.0	0.0	0.0	0.0	0.0	0.0	0.0	0.0	0.113246291297	0.0	0.0685218605928	0.103212186949	0.0	0.0	0.0	0.0	0.0	0.0	0.0	0.0	0.1034899387	0.0	0.0	0.0	0.0	0.0	0.0	0.0	0.0	0.102786481255	0.0	0.0	0.102376530082	0.0	0.0	0.0	0.0	0.0	0.10217972178	0.0	0.0	0.107246876273	0.0	0.0	0.0	0.0	0.064389466463	0.0	0.0	0.0	0.0	0.0	0.0	0.0	0.0	0.0	0.0	0.110513359351	0.0	0.10962037944	0.0	0.0	0.0	0.0	0.0	0.0	0.0	0.0	0.0	0.0	0.0	0.0	0.0	0.0	0.0	0.0	0.0	0.0	0.253687446564	0.0	0.0	0.0	0.0	0.0	0.245894376168	0.0	0.0	0.0	0.0	0.0	0.155383483243	0.0	0.0	0.0	0.0	0.0	0.0	0.0	0.0	0.0	0.1122543992	0.0	0.0	0.105469954196	0.0	0.0771838692545	0.0	0.0	0.0	0.0	0.0	0.0	0.0
BE033	0.0	0.0	0.0	0.162775988465	0.0	0.0	0.175657412693	0.0	0.0956915026243	0.0	0.0	0.0887075671904	0.095071397859	0.0	0.0	0.0	0.0	0.0	0.0718358454584	0.0	0.0997449742103	0.0	0.0	0.0	0.0982699683213	0.0	0.0	0.0	0.0389941930403	0.0	0.0	0.0	0.0	0.0	0.0	0.0751070146969	0.0	0.0	0.0	0.0	0.0	0.0	0.0973426477655	0.0	0.0991323534793	0.0977369504915	0.0	0.0964809368237	0.0	0.0727816176809	0.0	0.0	0.0	0.0	0.0	0.0	0.0	0.0	0.0	0.0	0.0	0.0	0.0	0.0713098337886	0.0	0.0	0.0	0.0	0.0	0.0	0.0	0.0	0.105331123409	0.0	0.0	0.0	0.0	0.0	0.0	0.0	0.0	0.0	0.0	0.259794446631	0.184093100352	0.221398984064	0.0	0.0	0.0	0.0	0.0	0.23330085097	0.0	0.0	0.184113123375	0.236003316636	0.0	0.230034604767	0.0	0.0	0.0	0.0	0.0	0.0	0.015211824518	0.0	0.0	0.0	0.0	0.0	0.0	0.0	0.0465994133719	0.0941613803551	0.0	0.0296062562771	0.0969556930813	0.0128461385488	0.0483936558688	0.0	0.036067198527	0.124397418651	0.0	0.0	0.102397406654	0.0
BE034	0.0	0.0	0.0	0.0	0.0	0.0	0.0	0.0	0.0	0.0	0.0	0.0	0.0	0.0	0.0	0.0	0.0	0.108682718674	0.0	0.0	0.0	0.0	0.0	0.0	0.0	0.0	0.0	0.0	0.0	0.0	0.0	0.0	0.0	0.0	0.0	0.0	0.0	0.0	0.0	0.0	0.110355973817	0.0	0.0	0.0	0.0	0.0	0.0	0.0	0.0	0.0	0.0	0.0	0.0	0.0	0.0	0.0	0.0	0.0	0.0	0.0	0.0	0.0	0.0	0.0	0.0	0.0	0.0	0.0	0.0	0.0	0.0	0.0	0.0	0.0	0.0	0.0	0.0	0.0	0.0	0.0	0.0	0.0	0.0	0.0	0.0	0.0	0.0	0.0	0.0	0.0	0.287891563641	0.0	0.0	0.0	0.0	0.0	0.0	0.0	0.0	0.0	0.0	0.0	0.0	0.0	0.0	0.0	0.0	0.0	0.0	0.0	0.0	0.0	0.0	0.0	0.0	0.0	0.0	0.0	0.0	0.0	0.0	0.0	0.0	0.0	0.0	0.0
BE035	0.0	0.0	0.0	0.0	0.0	0.0	0.0	0.0	0.0	0.0	0.0	0.0	0.0	0.0	0.0	0.0	0.0	0.0	0.0	0.0	0.0	0.0	0.0	0.0	0.0	0.0	0.0	0.0	0.0	0.0	0.0	0.0	0.0	0.0	0.0	0.0	0.0	0.0	0.0	0.0	0.076638754507	0.0	0.0	0.0	0.0	0.0745420207614	0.0	0.0	0.0	0.0	0.0	0.0	0.0	0.0	0.0	0.0	0.0	0.0	0.0	0.0	0.0	0.0	0.0	0.0	0.0	0.0	0.0	0.0	0.0	0.0	0.0	0.0	0.0	0.0	0.0	0.0	0.0	0.0	0.0	0.0	0.0	0.0	0.0	0.0	0.0	0.0	0.0	0.0	0.0	0.292756886462	0.30116889917	0.0	0.0	0.0	0.0	0.0	0.0	0.0	0.0	0.0	0.0	0.0	0.0	0.0	0.0	0.0	0.0	0.0	0.0	0.0	0.0	0.0	0.0	0.0	0.0	0.0	0.0	0.0	0.0	0.0973781396667	0.0	0.0	0.0	0.0	0.0	0.0
BE036	0.0	0.0	0.0	0.0	0.0	0.0	0.215235023335	0.0	0.0	0.0	0.0	0.0	0.107146714077	0.0	0.0	0.0	0.0	0.0	0.0	0.0	0.0	0.127007958864	0.0	0.0999853070377	0.0807983825717	0.0	0.0	0.0	0.0	0.1034899387	0.0	0.0	0.0	0.0	0.0981236283402	0.0	0.0	0.0	0.0	0.0	0.0	0.0	0.0405282778921	0.0522543557873	0.0	0.0	0.0	0.0	0.0	0.0	0.0	0.041163903546	0.0	0.0	0.0861840854326	0.0	0.0845304363248	0.0	0.0	0.108514908227	0.0	0.0	0.0	0.0	0.0	0.0	0.0	0.0	0.0	0.0	0.0903008091566	0.09849512276	0.0997025880085	0.0	0.0	0.0	0.0	0.0	0.0	0.104001924583	0.0	0.116395275727	0.0	0.0	0.0	0.0	0.0	0.0	0.0	0.0	0.0	0.272616169399	0.0	0.0	0.0	0.0	0.0	0.258189288541	0.0	0.0	0.0	0.0	0.0	0.141114856954	0.0	0.0	0.0	0.0838396331252	0.0	0.0	0.0	0.0	0.0	0.117802747892	0.0	0.0	0.0404738313841	0.0	0.0	0.0	0.0	0.0	0.0	0.0	0.0	0.0
BE038	0.0	0.0	0.0	0.0	0.0	0.0	0.215946511136	0.0	0.0	0.0	0.0	0.0	0.08401455478	0.0	0.0	0.0	0.0	0.0	0.0	0.0	0.0	0.116770004773	0.0	0.0	0.0	0.0	0.0	0.0	0.0	0.0	0.0	0.0	0.0	0.0981236283402	0.0	0.0	0.0	0.0	0.0	0.0	0.0	0.0	0.0965675437543	0.0	0.0	0.0	0.0	0.0	0.0	0.0	0.0	0.0968768069438	0.0	0.0	0.096649790933	0.0	0.0	0.0	0.0	0.103568006672	0.0	0.0	0.0	0.0	0.0	0.0	0.0	0.0	0.0	0.0	0.103843725406	0.0	0.107002232799	0.0	0.0	0.0	0.0	0.0	0.0	0.0	0.0	0.0	0.0	0.0	0.0	0.0	0.0	0.0	0.0	0.0	0.0	0.271294640378	0.0	0.0	0.0	0.0	0.0	0.26032387606	0.0	0.0	0.0	0.0	0.0	0.122730517431	0.0	0.0	0.0	0.0	0.0	0.0	0.0	0.0	0.0	0.100821803218	0.0	0.0	0.0953619988432	0.0	0.0	0.0	0.0	0.0	0.0	0.0	0.0	0.0
BE039	0.0	0.0	0.0	0.185798458632	0.0	0.0	0.0	0.0	0.0	0.0736266839402	0.0	0.0	0.0	0.0	0.117482202978	0.0	0.0	0.0	0.0	0.0	0.114437245731	0.0	0.110110546422	0.0	0.11059125736	0.0	0.0	0.0	0.0	0.0	0.0751070146969	0.0	0.0	0.0	0.0	0.0	0.0	0.0	0.0	0.0	0.11154113882	0.0	0.0	0.0	0.109999058014	0.107672363007	0.0	0.0	0.0	0.0	0.0	0.0	0.0	0.0	0.0	0.0	0.0	0.0	0.0	0.0	0.0	0.0	0.0	0.0821254368298	0.0	0.0	0.0	0.0	0.0	0.0	0.0	0.0	0.0	0.0	0.0	0.0	0.0	0.0	0.0	0.0	0.0	0.0	0.0	0.286601915331	0.210649681107	0.241764557157	0.0	0.0	0.0	0.2834420912	0.290102181869	0.0	0.0	0.0	0.0	0.0	0.0	0.0	0.0	0.0	0.0	0.0	0.0	0.0	0.0	0.0	0.0	0.0	0.0	0.0	0.0	0.0	0.0	0.0	0.0	0.0	0.0	0.0	0.0820495541575	0.074863251996	0.0756793305323	0.136003554899	0.0	0.0	0.0	0.0
BE042	0.0	0.0	0.0	0.0	0.0	0.0	0.0	0.0	0.0	0.0	0.0	0.0	0.0	0.0	0.0	0.0	0.0	0.0929018634943	0.0	0.0	0.0	0.0	0.0	0.0	0.0	0.0	0.0	0.0	0.0	0.0	0.0	0.0	0.0	0.0	0.0	0.0	0.0	0.0	0.0	0.0	0.0	0.0	0.0	0.0	0.0	0.0	0.0	0.0	0.0	0.0	0.0	0.0	0.0	0.0	0.0	0.0	0.0	0.0	0.0	0.0	0.0	0.0	0.0	0.0	0.0	0.0	0.0	0.0	0.0	0.0	0.0	0.0	0.0	0.0	0.0	0.0	0.0	0.0	0.0	0.0	0.0	0.0	0.0	0.0	0.0	0.0	0.0	0.0	0.0	0.0	0.0	0.0	0.0	0.0	0.0	0.0	0.0	0.0	0.0	0.0	0.0	0.0	0.0	0.0	0.0	0.0	0.0	0.0	0.0	0.0	0.0	0.0	0.0	0.0	0.0	0.0	0.0	0.0	0.0	0.0	0.0	0.0	0.0	0.0	0.0	0.0
BE046	0.0	0.0	0.0	0.0	0.0	0.0	0.217558392537	0.0	0.0	0.0	0.0	0.0	0.107046007525	0.0	0.0	0.0	0.0	0.0	0.0	0.0	0.0	0.125698462846	0.0	0.0	0.0	0.0	0.0	0.0	0.0	0.0	0.0	0.0	0.0	0.0	0.0	0.0	0.0	0.0	0.0	0.0	0.0	0.0	0.0	0.0	0.0	0.0	0.0	0.0	0.0	0.0	0.0	0.0837479187637	0.0	0.0	0.0858467501245	0.0	0.0	0.0	0.0	0.109254674229	0.0	0.0	0.0	0.0	0.0	0.0	0.0	0.0	0.0	0.0	0.0924948410017	0.0	0.0	0.0	0.0	0.0	0.0	0.0	0.0	0.0	0.0	0.0	0.0	0.0	0.0	0.0	0.0	0.0	0.0	0.0	0.0	0.276066946037	0.0	0.0	0.0	0.0	0.0	0.262075913496	0.0	0.0	0.0	0.0	0.0	0.139491047635	0.0	0.0	0.0	0.0	0.0	0.0	0.0	0.0	0.0	0.118674891615	0.0	0.0	0.083113041584	0.0	0.0	0.0	0.0	0.0	0.0	0.0	0.0	0.0
BE047	0.0	0.0	0.0	0.0	0.0	0.0	0.0	0.0	0.0	0.0	0.0	0.0	0.0	0.0	0.0	0.0	0.0	0.0819169922074	0.0	0.0	0.0	0.0	0.0	0.0	0.0	0.0	0.0	0.0	0.0	0.0	0.0	0.0	0.0	0.0	0.0	0.0	0.0	0.0	0.0	0.0	0.0724783549348	0.0	0.0	0.0	0.0	0.0	0.0	0.0	0.0	0.0	0.0	0.0	0.0	0.0	0.0	0.0	0.0	0.0	0.0	0.0	0.0	0.0	0.0	0.0	0.0	0.0	0.0	0.0	0.0	0.0	0.0	0.0	0.0	0.0	0.0	0.0	0.0	0.0	0.0	0.0	0.0	0.0	0.0	0.0	0.0	0.0	0.0	0.0	0.0	0.292460232741	0.30079394914	0.0	0.0	0.0	0.0	0.0	0.0	0.0	0.0	0.0	0.0	0.0	0.0	0.0	0.0	0.0	0.0	0.0	0.0	0.0	0.0	0.0	0.0	0.0	0.0	0.0	0.0	0.0	0.0	0.0	0.0	0.0	0.0	0.0	0.0	0.0
BE049	0.0	0.0	0.0	0.0	0.0	0.0	0.0	0.0	0.0	0.0	0.0	0.0	0.0	0.0	0.0	0.0	0.0	0.0	0.0	0.0	0.0	0.0	0.0	0.0	0.0	0.0	0.0	0.0	0.0	0.0	0.0	0.0	0.0	0.0	0.0	0.0	0.0	0.0	0.0	0.0	0.0742157255151	0.0	0.0	0.0	0.0	0.0	0.0	0.0	0.0	0.0	0.0	0.0	0.0	0.0	0.0	0.0	0.0	0.0	0.0	0.0	0.0	0.0	0.0	0.0	0.0	0.0	0.0	0.0	0.0	0.0	0.0	0.0	0.0	0.0	0.0	0.0	0.0	0.0	0.0	0.0	0.0	0.0	0.0	0.0	0.0	0.0	0.0	0.0	0.0	0.292338659017	0.300090687333	0.0	0.0	0.0	0.0	0.0	0.0	0.0	0.0	0.0	0.0	0.0	0.0	0.0	0.0	0.0	0.0	0.0	0.0	0.0	0.0	0.0	0.0	0.0	0.0	0.0	0.0	0.0	0.0	0.097060696552	0.0	0.0	0.0	0.0	0.0	0.0
BE051	0.0	0.0	0.0	0.0	0.0	0.0	0.0	0.0	0.0	0.0	0.0	0.0	0.0	0.0	0.0	0.0	0.11183545986	0.0	0.0	0.0	0.0	0.0	0.0	0.0	0.0	0.0	0.0	0.0	0.0	0.0	0.0	0.110355973817	0.076638754507	0.0	0.0	0.11154113882	0.0	0.0	0.0724783549348	0.0742157255151	0.0	0.0	0.0	0.0	0.0	0.0	0.0	0.0	0.0	0.0	0.0	0.0745388541518	0.0482764512457	0.0541156909083	0.0	0.0	0.0	0.0845650547769	0.0832218073587	0.0	0.0	0.110405204196	0.0	0.0	0.0831431141589	0.0	0.0	0.0731427761768	0.108637313036	0.0	0.0	0.0	0.0	0.0	0.0749460340024	0.0	0.0	0.122163744727	0.0980207481456	0.0	0.107354707063	0.0	0.234998484156	0.0	0.0	0.0	0.286819885432	0.336803198987	0.26322241838	0.0	0.0	0.0	0.0	0.0	0.0	0.0	0.273404740199	0.260286542144	0.0	0.10196238061	0.0	0.0	0.148043015431	0.141847523034	0.0	0.0	0.0	0.0	0.0	0.0	0.113540989286	0.170332004101	0.0	0.0	0.0	0.0	0.0	0.0	0.0	0.0995132948469	0.0	0.0	0.0	0.15374509396	0.0	0.10311371623
BE052	0.0	0.0	0.0	0.0	0.0	0.0	0.0	0.0	0.0	0.0	0.0	0.0	0.0	0.0	0.0	0.0	0.0	0.100259199037	0.0	0.0	0.0	0.0	0.0	0.0	0.0	0.0	0.0	0.0	0.0	0.0	0.0	0.0	0.0	0.0	0.0	0.0	0.0	0.0	0.0	0.0	0.0	0.0	0.0	0.0	0.0	0.0	0.0	0.0	0.0	0.0	0.0	0.0	0.0	0.0	0.0	0.0	0.0	0.0	0.0	0.0	0.0	0.0	0.0	0.0	0.0	0.0	0.0	0.0	0.0	0.0	0.0	0.0	0.0	0.0	0.0	0.0	0.0	0.0	0.0	0.0	0.0	0.0	0.0	0.0	0.0	0.0	0.0	0.0	0.0	0.0	0.0	0.0	0.0	0.0	0.0	0.0	0.0	0.0	0.0	0.0	0.0	0.0	0.0	0.0	0.0	0.0	0.0	0.0	0.0	0.0	0.0	0.0	0.0	0.0	0.0	0.0	0.0	0.0	0.0	0.0	0.0	0.0	0.0	0.0	0.0	0.0
BE054	0.0	0.0	0.0	0.197838243822	0.0	0.0	0.213349873584	0.0	0.04899864927	0.0	0.0	0.0947879253755	0.106552900861	0.0	0.0885583615431	0.0	0.0	0.0	0.0	0.0	0.0819373658728	0.0	0.0	0.0986372426089	0.0799706602924	0.0	0.0	0.0	0.0	0.102786481255	0.0973426477655	0.0	0.0	0.0405282778921	0.0965675437543	0.0	0.0	0.0	0.0	0.0	0.0	0.0	0.0	0.0460584685151	0.0645416446139	0.056078924223	0.0	0.0718770289758	0.0	0.104652188075	0.0	0.0	0.0	0.0	0.0	0.0	0.0800909270973	0.0	0.0	0.0	0.0	0.0	0.0	0.107242340529	0.0	0.0	0.0	0.0	0.0	0.0	0.0	0.0934257854309	0.0	0.0578488432225	0.0	0.0	0.0	0.0	0.0	0.103497711346	0.0	0.115090640595	0.0	0.0	0.223605963511	0.25782849015	0.0	0.0	0.0	0.290746656012	0.299122195029	0.0	0.0	0.0	0.223490455112	0.26778100222	0.0	0.0	0.0	0.0	0.0	0.0	0.0	0.0	0.0	0.0	0.0	0.0839322219463	0.0	0.0	0.0	0.0	0.110582724403	0.0	0.0	0.0945270013739	0.0379241636407	0.0962234738545	0.0	0.0971023737409	0.0990412928229	0.0	0.0	0.0	0.0	0.0
BE055	0.0	0.0	0.0	0.0	0.0	0.0	0.216723394867	0.0	0.0	0.0	0.0	0.0	0.104946588754	0.0	0.0	0.0	0.0	0.0	0.0	0.0	0.0	0.127598167474	0.0	0.0	0.0	0.0	0.0	0.0	0.0	0.0	0.0	0.0	0.0	0.0522543557873	0.0	0.0	0.0	0.0	0.0	0.0	0.0	0.0	0.0460584685151	0.0	0.0	0.0	0.0	0.0	0.0	0.0	0.0	0.0506356631885	0.0	0.0	0.0845668165044	0.0	0.0	0.0	0.0	0.109090319533	0.0	0.0	0.0	0.0	0.0	0.0	0.0	0.0	0.0	0.0	0.0903551150516	0.0	0.0983594668488	0.0	0.0	0.0	0.0	0.0	0.0	0.0	0.0	0.0	0.0	0.0	0.0	0.0	0.0	0.0	0.0	0.0	0.0	0.274519219412	0.0	0.0	0.0	0.0	0.0	0.261122180578	0.0	0.0	0.0	0.0	0.0	0.143176864438	0.0	0.0	0.0	0.0	0.0	0.0	0.0	0.0	0.0	0.118598635993	0.0	0.0	0.0517037741044	0.0	0.0	0.0	0.0	0.0	0.0	0.0	0.0	0.0
BE057	0.0	0.0	0.0	0.200702345212	0.0	0.0	0.0	0.0	0.0679364057591	0.108738480442	0.0	0.0	0.104692427215	0.0	0.089429231533	0.0	0.0	0.0	0.107048019507	0.0	0.0837820771892	0.0	0.0	0.0	0.0813336427161	0.0	0.0	0.0	0.100073006857	0.0	0.0991323534793	0.0	0.0	0.0	0.0	0.109999058014	0.0	0.0	0.0	0.0	0.0	0.0	0.0645416446139	0.0	0.0	0.0685612636836	0.0	0.0688266070444	0.0	0.107762072207	0.0	0.0	0.0	0.0	0.0	0.0	0.0	0.0	0.0	0.0	0.0	0.0	0.0	0.108447738042	0.0	0.0	0.0	0.0	0.0	0.0	0.0	0.0	0.0989182464109	0.0	0.0	0.0	0.0	0.0	0.0	0.0	0.0	0.0	0.0	0.301318603868	0.225446786462	0.259959467515	0.0	0.0	0.0	0.292377150157	0.0	0.272169229226	0.0	0.0	0.0	0.0	0.0	0.0	0.0	0.0	0.0	0.0	0.0	0.0	0.100977450518	0.0	0.0	0.0	0.0	0.0	0.0	0.0	0.112301031679	0.0	0.0	0.0	0.0669757976987	0.0985443817774	0.102868774115	0.098731948531	0.0	0.140254641834	0.0	0.0	0.103558268971	0.0
BE058	0.0	0.0	0.0	0.198555967783	0.0	0.0	0.213644909254	0.0	0.0604639608727	0.0	0.0	0.0922575280584	0.10311285206	0.0	0.0	0.0	0.0	0.0	0.105414122646	0.0	0.0836092998196	0.123175214483	0.0	0.0992329323107	0.0	0.0	0.0	0.0	0.098276995745	0.102376530082	0.0977369504915	0.0	0.0745420207614	0.0	0.0	0.107672363007	0.0	0.0	0.0	0.0	0.0	0.0	0.056078924223	0.0	0.0685612636836	0.0	0.0	0.0720065217293	0.0	0.105278419569	0.0	0.0552044371815	0.0	0.0	0.0831486511424	0.0	0.0810049418468	0.0	0.0	0.0	0.0	0.0	0.0	0.107022940518	0.0	0.0	0.0	0.0	0.0	0.0	0.0	0.0844153437627	0.0	0.0627641665654	0.0	0.0	0.0	0.0	0.0	0.0	0.0	0.0	0.232172687696	0.0	0.224034394071	0.258124073437	0.0	0.0	0.0	0.291607732813	0.298567974982	0.0	0.0	0.0	0.223365082522	0.26677491001	0.269979002546	0.258510508255	0.0	0.0	0.0	0.0	0.0	0.138051771452	0.0998948867058	0.0	0.0	0.0830166902864	0.0	0.0	0.0	0.0	0.111593313512	0.115440442939	0.0	0.0959720550389	0.0620534452544	0.097194320921	0.0	0.0979085745594	0.0990323217899	0.0	0.0	0.152252011756	0.0999510837244	0.0
BE059	0.0	0.0	0.0	0.0	0.0	0.0	0.203712900975	0.0	0.0	0.0	0.0	0.0	0.102180172063	0.0	0.0	0.0	0.0	0.0	0.0	0.0	0.0	0.117144461628	0.0	0.0	0.0	0.0	0.0	0.0	0.0	0.0	0.0	0.0	0.0	0.0	0.0	0.0	0.0	0.0	0.0	0.0	0.0	0.0	0.0	0.0	0.0	0.0	0.0	0.0	0.0	0.0	0.0	0.110067879493	0.0	0.0	0.111812904646	0.0	0.0	0.0	0.0	0.0714181761401	0.0	0.0	0.0	0.0	0.0	0.0	0.0	0.0	0.0	0.0	0.118406140577	0.0	0.0	0.0	0.0	0.0	0.0	0.0	0.0	0.0	0.0	0.0	0.0	0.0	0.0	0.0	0.0	0.0	0.0	0.0	0.0	0.0	0.0	0.0	0.0	0.0	0.0	0.254560124454	0.0	0.0	0.0	0.0	0.0	0.155176203422	0.0	0.0	0.0	0.0	0.0	0.0	0.0	0.0	0.0	0.114753668824	0.0	0.0	0.113251349494	0.0	0.0	0.0	0.0	0.0	0.0	0.0	0.0	0.0
BE060	0.0	0.0	0.0	0.199620273086	0.0	0.0	0.0	0.0	0.0769537286923	0.106883395804	0.0	0.0	0.0	0.0	0.0895913759178	0.0	0.0	0.0	0.0	0.0	0.0818114991288	0.0	0.0	0.0	0.078998301013	0.0	0.0	0.0	0.0	0.0	0.0964809368237	0.0	0.0	0.0	0.0	0.0	0.0	0.0	0.0	0.0	0.0	0.0	0.0718770289758	0.0	0.0688266070444	0.0720065217293	0.0	0.0	0.0	0.0	0.0	0.0	0.0	0.0	0.0	0.0	0.0	0.0	0.0	0.0	0.0	0.0	0.0	0.107899684704	0.0	0.0	0.0	0.0	0.0	0.0	0.0	0.0	0.0982313831561	0.0	0.0	0.0	0.0	0.0	0.0	0.0	0.0	0.0	0.0	0.302618981263	0.224257944618	0.0	0.0	0.0	0.0	0.292627462035	0.300689406224	0.27227282779	0.0	0.0	0.0	0.0	0.0	0.0	0.0	0.0	0.0	0.0	0.0	0.0	0.0	0.0	0.0	0.0	0.0	0.0	0.0	0.0	0.0	0.0	0.0	0.0	0.0758790888166	0.0	0.101299800218	0.0977554174177	0.0	0.13982190123	0.0	0.0	0.0	0.0
BE061	0.0	0.0	0.0	0.0	0.0	0.0	0.0	0.0	0.0	0.0	0.0	0.0	0.0	0.0	0.0	0.0	0.0	0.0	0.0	0.0	0.0	0.0	0.0	0.0	0.0	0.0	0.0	0.0	0.0	0.0	0.0	0.0	0.0	0.0	0.0	0.0	0.0	0.0	0.0	0.0	0.0	0.0	0.0	0.0	0.0	0.0	0.0	0.0	0.0	0.0	0.0	0.0	0.0	0.0	0.0	0.0	0.0	0.0	0.0	0.0	0.0	0.0	0.0	0.0	0.0	0.0	0.0	0.0	0.0	0.0	0.0	0.0	0.0	0.0	0.0	0.0	0.0	0.0	0.0	0.0	0.0	0.0	0.0	0.0	0.0	0.0	0.0	0.0	0.0	0.0	0.0	0.0	0.0	0.0	0.0	0.0	0.0	0.0	0.0	0.0	0.0	0.0	0.0	0.0	0.0	0.0	0.0	0.0	0.0	0.0	0.0	0.0	0.0	0.0	0.0	0.0	0.0	0.0	0.0	0.101761336446	0.0	0.0	0.0	0.14193872891	0.0	0.0
BE062	0.0	0.0	0.0	0.183929797888	0.0	0.0	0.0	0.0	0.0	0.0785235918571	0.0	0.0	0.0	0.0	0.115051121473	0.0	0.0	0.0	0.0	0.0	0.110919241342	0.0	0.0	0.0	0.107611312606	0.0	0.0	0.0	0.0	0.0	0.0727816176809	0.0	0.0	0.0	0.0	0.0	0.0	0.0	0.0	0.0	0.0	0.0	0.104652188075	0.0	0.107762072207	0.105278419569	0.0	0.0	0.0	0.0	0.0	0.0	0.0	0.0	0.0	0.0	0.0	0.0	0.0	0.0	0.0	0.0	0.0	0.0728670298481	0.0	0.0	0.0	0.0	0.0	0.0	0.0	0.0	0.108399846311	0.0	0.0	0.0	0.0	0.0	0.0	0.0	0.0	0.0	0.0	0.283127439499	0.0	0.24194929958	0.0	0.0	0.0	0.279659066251	0.0	0.257200755522	0.0	0.0	0.0	0.0	0.0	0.0	0.0	0.0	0.0	0.0	0.0	0.0	0.0	0.0	0.0	0.0	0.0	0.0	0.0	0.0	0.0845761887828	0.0	0.0	0.0	0.109315137297	0.0	0.0797938590796	0.0731455742084	0.0	0.133146736656	0.0	0.0	0.0	0.0
BE063	0.0	0.0	0.0	0.0	0.0	0.0	0.0	0.0	0.0	0.0	0.0	0.0	0.0	0.0	0.0	0.0	0.0	0.0	0.0	0.0	0.0	0.0	0.0	0.0	0.0	0.0	0.0	0.0	0.0	0.0	0.0	0.0	0.0	0.0	0.0	0.0	0.0	0.0	0.0	0.0	0.0	0.0	0.0	0.0	0.0	0.0	0.0	0.0	0.0	0.0	0.0	0.0	0.0	0.0	0.0	0.0	0.0	0.0	0.0	0.0	0.0	0.0	0.0	0.0	0.0	0.0	0.0	0.0	0.0	0.0	0.0	0.0	0.0	0.0	0.0	0.0	0.0	0.0	0.0	0.0	0.0	0.0	0.0	0.0	0.0	0.0	0.0	0.0	0.0	0.0	0.0	0.0	0.0	0.0	0.0	0.0	0.0	0.0	0.0	0.0	0.0	0.0	0.0	0.0	0.0	0.0	0.0	0.0	0.0	0.0	0.0	0.0	0.0	0.0	0.0	0.0	0.0	0.0	0.0	0.0805236468203	0.0	0.0	0.0	0.158290469703	0.0	0.0
BE064	0.0	0.0	0.0	0.0	0.0	0.0	0.0	0.268318935403	0.0	0.107172443925	0.0	0.0	0.0	0.0	0.0911767747347	0.0385168938277	0.0	0.0	0.0	0.0844722331955	0.0	0.0	0.0659763127453	0.0984631128252	0.0810614693543	0.0	0.0999979927234	0.0	0.0	0.10217972178	0.0	0.0	0.0	0.041163903546	0.0968768069438	0.0	0.0	0.0837479187637	0.0	0.0	0.0745388541518	0.0	0.0	0.0506356631885	0.0	0.0552044371815	0.110067879493	0.0	0.0	0.0	0.0	0.0	0.0	0.0	0.0	0.0	0.082243751006	0.0	0.0	0.105797363093	0.0	0.0	0.0	0.0	0.0	0.0967903884507	0.0	0.0	0.0	0.105368635104	0.0903126818337	0.0924653005106	0.0	0.0	0.0	0.073821203227	0.140614301098	0.0	0.0	0.102297081403	0.0	0.114204243868	0.0	0.299783697214	0.0	0.0	0.0	0.0	0.0	0.292667173437	0.29912083193	0.0	0.0	0.0	0.0	0.0	0.0	0.0	0.23179980745	0.0	0.143046546662	0.0	0.0	0.0	0.0	0.0973156386778	0.0	0.0824096752781	0.0	0.0	0.0	0.0	0.0	0.0	0.104878860837	0.0	0.0	0.0	0.101194960825	0.0971280427195	0.0	0.139190271677	0.0	0.0	0.0	0.0
BE065	0.0	0.0	0.0	0.0	0.0	0.0	0.0	0.0	0.0	0.0	0.0	0.0	0.0	0.0	0.0	0.0	0.0	0.0819903405164	0.0	0.0	0.0	0.0	0.0	0.0	0.0	0.0	0.0	0.0	0.0	0.0	0.0	0.0	0.0	0.0	0.0	0.0	0.0	0.0	0.0	0.0	0.0482764512457	0.0	0.0	0.0	0.0	0.0	0.0	0.0	0.0	0.0	0.0	0.0	0.0	0.0	0.0	0.0	0.0	0.0	0.0	0.0	0.0	0.0	0.0	0.0	0.0	0.0	0.0	0.0	0.0	0.0	0.0	0.0	0.0	0.0	0.0	0.0	0.0	0.0	0.0	0.0	0.0	0.0	0.0	0.0	0.0	0.0	0.0	0.0	0.0	0.0	0.302417382595	0.0	0.0	0.0	0.0	0.0	0.0	0.0	0.0	0.0	0.0	0.0	0.0	0.0	0.0	0.0	0.0	0.0	0.0	0.0	0.0	0.0	0.0	0.0	0.0	0.0	0.0	0.0	0.0	0.0	0.0	0.0	0.0	0.0	0.0	0.0
BE067	0.0	0.0	0.0	0.0	0.0	0.0	0.0	0.0	0.0	0.0	0.0	0.0	0.0	0.0	0.0	0.0	0.0	0.0850701451217	0.0	0.0	0.0	0.0	0.0	0.0	0.0	0.0	0.0	0.0	0.0	0.0	0.0	0.0	0.0	0.0	0.0	0.0	0.0	0.0	0.0	0.0	0.0541156909083	0.0	0.0	0.0	0.0	0.0	0.0	0.0	0.0	0.0	0.0	0.0	0.0	0.0	0.0	0.0	0.0	0.0	0.0	0.0	0.0	0.0	0.0	0.0	0.0	0.0	0.0	0.0	0.0	0.0	0.0	0.0	0.0	0.0	0.0	0.0	0.0	0.0	0.0	0.0	0.0	0.0	0.0	0.0	0.0	0.0	0.0	0.0	0.0	0.0	0.305007071689	0.0	0.0	0.0	0.0	0.0	0.0	0.0	0.0	0.0	0.0	0.0	0.0	0.0	0.0	0.0	0.0	0.0	0.0	0.0	0.0	0.0	0.0	0.0	0.0	0.0	0.0	0.0	0.0	0.0	0.0	0.0	0.0	0.0	0.0	0.0
BE072	0.0	0.0	0.0	0.0	0.0	0.0	0.0	0.272256587204	0.0	0.109323095001	0.0	0.0	0.0	0.0	0.0923734661394	0.0855280958852	0.0	0.0	0.0	0.0880137995077	0.0	0.0	0.0852628340068	0.10114819894	0.0843373752095	0.0	0.0995975984742	0.0	0.0	0.107246876273	0.0	0.0	0.0	0.0861840854326	0.096649790933	0.0	0.0	0.0858467501245	0.0	0.0	0.0	0.0	0.0	0.0845668165044	0.0	0.0831486511424	0.111812904646	0.0	0.0	0.0	0.0	0.0	0.0	0.0	0.0	0.0	0.0842013999974	0.0	0.0	0.109116318052	0.0	0.0	0.0	0.0	0.0	0.100438260402	0.0	0.0	0.0	0.107928657605	0.0311303547506	0.102942053346	0.0	0.0847954814606	0.0	0.0851718539017	0.137113844451	0.0	0.0	0.102503559503	0.0	0.114145992672	0.0	0.305634206406	0.0	0.0	0.0	0.0	0.0	0.29679653607	0.304382399311	0.0	0.0	0.0	0.0	0.0	0.0	0.0	0.234645573045	0.0	0.138854545813	0.0	0.0	0.0	0.0	0.0988854903732	0.0	0.0877329950982	0.0	0.0	0.0	0.0	0.0	0.0	0.0	0.0	0.0	0.0	0.104243503805	0.100384671696	0.0	0.140251419463	0.0	0.0	0.0	0.0
BE073	0.0	0.0	0.0	0.0	0.0	0.0	0.0	0.0	0.0	0.0	0.0	0.0	0.0	0.0	0.0	0.0	0.0	0.0240373074039	0.0	0.0	0.0	0.0	0.0	0.0	0.0	0.0	0.0	0.0	0.0	0.0	0.0	0.0	0.0	0.0	0.0	0.0	0.0	0.0	0.0	0.0	0.0	0.0	0.0	0.0	0.0	0.0	0.0	0.0	0.0	0.0	0.0	0.0	0.0	0.0	0.0	0.0	0.0	0.0	0.0	0.0	0.0	0.0	0.0	0.0	0.0	0.0	0.0	0.0	0.0	0.0	0.0	0.0	0.0	0.0	0.0	0.0	0.0	0.0	0.0	0.0	0.0	0.0	0.0	0.0	0.0	0.0	0.0	0.0	0.0	0.0	0.0	0.0	0.0	0.0	0.0	0.0	0.0	0.0	0.0	0.0	0.0	0.0	0.0	0.0	0.0	0.0	0.0	0.0	0.0	0.0	0.0	0.0	0.0	0.0	0.0	0.0	0.0	0.0	0.0	0.0	0.0	0.0	0.0	0.0	0.0	0.0
