	197
AEG       	0.00000000	0.97384171	0.96368752	0.94454326	0.98327836	0.93813435	0.95901975	0.99095602	0.93338040	0.91499660	0.92803594	0.92578088	0.93158539	0.92869172	0.93658419	0.94221534	0.93262827	0.93155909	0.92782643	0.93470125	0.91395695	0.90701747	0.93008259	0.93226403	0.93346628	0.93721516	0.92433250	0.90185765	0.91937791	0.93377051	0.93563710	0.91113459	0.93140702	0.93679369	0.91895209	0.93205363	0.93093650	0.90295729	0.93033310	0.91804557	0.89721638	0.92063707	0.93430327	0.93146633	0.93066351	0.93888839	0.92054904	0.91708028	0.93502827	0.94962427	0.93226390	0.94500315	0.92052713	0.93284136	0.92537542	0.92850776	0.92872677	0.92935481	0.93445821	0.93370538	0.93082159	0.92646330	0.93092243	0.92459952	0.93125959	0.92969697	0.91618249	0.92731966	0.93415651	0.92050670	0.92314815	0.92696510	0.93521194	0.93859665	0.93900994	0.93392703	0.92637306	0.92545261	0.93400056	0.93224663	0.93683921	0.93508279	0.93093935	0.93363566	0.93002235	0.93580069	0.92524768	0.91839770	0.93323134	0.93125921	0.91702625	0.92051240	0.92374991	0.92177433	0.93809391	0.89651753	0.92840088	0.92950539	0.91668349	0.91744343	0.94372491	0.92832677	0.93427636	0.93852289	0.93659205	0.93471488	0.92635930	0.92492582	0.92596534	0.93055987	1.07437642	0.96808828	0.90985491	0.97260392	0.96599092	0.91144697	0.92592525	0.92927338	0.93557515	0.94579986	0.97566615	1.02220781	0.96971218	0.98543730	0.92112207	1.01025852	1.03789078	1.01218193	1.02381917	0.98590757	0.98517428	0.97075976	1.03326638	1.02545050	0.95354581	1.01983167	1.01937542	0.95553506	1.03748500	0.93487657	0.99163491	0.97298237	0.93164314	0.98454232	0.97452804	0.99216224	0.99131109	0.90449557	0.90642045	0.94720719	0.93031101	0.97322607	0.90000080	0.97267829	0.96140549	0.97142559	0.96712258	0.96807050	0.93317210	0.90143197	0.93010990	0.91622480	0.93241974	0.90996372	0.92100154	0.91922549	0.93759682	0.93146686	0.89517172	2.98374165	3.12745437	0.90008834	0.97913092	0.91373303	0.89464113	0.90239999	0.90396469	0.91187757	0.93124550	0.91264743	0.91194943	0.88983853	0.92869714	0.89979285	0.91619414	0.90219296	0.91899773	0.89885174	0.92537837	0.92437312	0.94936902	0.94405332	0.94995048	0.96502075	0.92590237	0.93057642	0.92819953
AEH       	0.97384171	0.00000000	0.87411102	0.94472026	0.94848970	0.87530621	0.91840796	0.94960308	0.95363611	0.93107925	0.93585387	0.93842006	0.95359400	0.95258792	0.95610800	0.96270865	0.95202659	0.95204712	0.94197883	0.95616058	0.93320227	0.90876107	0.96413431	0.96020391	0.96158077	0.94609413	0.95379012	0.91205923	0.93235293	0.95709560	0.96107920	0.91425861	0.95762630	0.95354923	0.92996809	0.95497377	0.95420933	0.91364895	0.95875422	0.93125314	0.91005580	0.93311546	0.95242229	0.95551835	0.95562021	0.95623664	0.93027940	0.93244890	0.96675709	0.97464970	0.95149360	0.96933142	0.95146162	0.96012281	0.94942443	0.94703295	0.95423575	0.95859119	0.95457968	0.95887751	0.95203654	0.94940978	0.95909590	0.95245755	0.96023930	0.95723757	0.93979724	0.95427363	0.95493321	0.93259624	0.94577862	0.94953565	0.95551897	0.95657031	0.95948035	0.95747899	0.94908543	0.94844419	0.95792945	0.95488866	0.95774208	0.95837673	0.95700988	0.96011716	0.95736427	0.95472907	0.95178851	0.92666739	0.95242921	0.95620830	0.93716133	0.93110099	0.93317657	0.93548402	0.95785566	0.91177554	0.95272452	0.94852118	0.93782699	0.92817554	0.95731179	0.95009847	0.95832452	0.95511565	0.96280240	0.96490760	0.94842251	0.95888364	0.95199549	0.95740343	1.06527659	1.00121490	0.92888752	1.00296441	1.00459666	0.90690944	0.95187889	0.95350423	0.96171172	0.97011148	0.95840387	0.99850423	0.90965623	0.98535993	0.94528890	0.94889264	0.93345488	1.05450619	1.02093463	1.00828966	0.97852185	1.01259125	1.01278528	1.01645550	0.93806576	1.00458421	0.98041975	1.01060798	1.04843144	0.94332135	0.97410552	0.95968921	0.97314454	0.97996833	0.95929478	0.98944146	0.96726389	0.90471071	0.90148587	0.96745936	0.94435802	1.00170687	0.91597102	1.00419187	0.99528712	1.00288851	1.00079381	1.00125871	0.95528951	0.92025670	0.95160581	0.91948377	0.95652152	0.92093523	0.94129889	0.94181151	0.95444948	0.95440216	0.90932751	3.03504872	3.14260063	0.91640435	1.00669662	0.92383894	0.93223999	0.90847365	0.91370546	0.92761091	0.95511338	0.91896724	0.92936377	0.90572898	0.95208108	0.91210151	0.92536987	0.91618865	0.92402274	0.91416801	0.93500620	0.94220255	0.98116773	0.96959763	0.95942429	1.00302016	0.95351360	0.94830857	0.94448257
AFD       	0.96368752	0.87411102	0.00000000	0.90883646	0.91901294	0.84382473	0.91135160	0.91863317	0.91192045	0.89137245	0.89111109	0.89416627	0.89956008	0.89912247	0.91023106	0.92021145	0.90757013	0.90643267	0.89149031	0.91859343	0.88909741	0.87206699	0.91384681	0.91203204	0.90992203	0.91625037	0.91092030	0.86996761	0.89095183	0.91317366	0.91607592	0.87841827	0.91202357	0.91339761	0.89385883	0.90782983	0.90398336	0.87076292	0.90730692	0.89336849	0.86767244	0.89405985	0.91140112	0.90871337	0.90246589	0.90955863	0.89300623	0.89036227	0.91416569	0.92010235	0.91166252	0.92320662	0.90546918	0.91282818	0.90399132	0.89800906	0.90675077	0.90904436	0.90921167	0.91835207	0.90901692	0.90851455	0.90928724	0.90259350	0.90628998	0.90252909	0.89577409	0.90445371	0.91608850	0.88234040	0.89537622	0.90623754	0.90899363	0.90693230	0.91881635	0.91664041	0.89957185	0.90352942	0.91645839	0.91055425	0.90714405	0.91744164	0.90859687	0.90714443	0.91048710	0.90797547	0.90632454	0.88398955	0.90719849	0.91129556	0.88737393	0.89263124	0.89700503	0.89515904	0.90856932	0.86771940	0.90987640	0.89945194	0.89503420	0.89462390	0.91644567	0.90955936	0.91428892	0.91749035	0.90971803	0.91694364	0.90858829	0.91084885	0.90464891	0.90723590	1.05519945	0.96175120	0.88477445	0.96420003	0.95798878	0.86363532	0.90258898	0.91166816	0.91474419	0.92109479	0.91380924	0.94069480	0.91609761	0.95941019	0.90056539	0.91646523	0.90012858	0.99288922	1.01299915	0.97781046	0.92117004	0.94108608	0.98478148	0.99260009	0.90401332	0.94042995	0.96184900	0.94320868	0.98919109	0.89487625	0.94824338	0.92727337	0.92205547	0.95783691	0.95585796	0.96570881	0.90203243	0.86058995	0.86171258	0.92301060	0.90093123	0.96068269	0.87259472	0.96636199	0.95949984	0.96307832	0.95689409	0.96434946	0.90335592	0.87231189	0.91380117	0.88229528	0.91221645	0.87884516	0.89350429	0.89646596	0.90792665	0.91001844	0.86938030	2.96293411	3.11030095	0.87316910	0.96894968	0.87923150	0.87912042	0.86474148	0.87209548	0.87732966	0.91189605	0.87652916	0.87771071	0.86305660	0.91265250	0.86478054	0.88150525	0.86744675	0.87091130	0.86767117	0.89080412	0.89764777	0.93358493	0.92308692	0.92573478	0.96007705	0.91263074	0.90690851	0.90773040
AFR       	0.94454326	0.94472026	0.90883646	0.00000000	0.95716800	0.88422287	0.90630981	0.94504768	0.89296105	0.88400539	0.88493247	0.88399094	0.89077641	0.89239979	0.89761153	0.90550325	0.89858314	0.89574438	0.88866923	0.90055440	0.88174677	0.86637837	0.90065008	0.89865726	0.89845307	0.90016384	0.89893755	0.87129351	0.88216236	0.90191162	0.90609476	0.87740251	0.89619936	0.89754896	0.88571338	0.90077623	0.89704615	0.86739352	0.89934932	0.87936028	0.86235815	0.88219494	0.89536010	0.89711472	0.89874815	0.89638716	0.88378482	0.88396354	0.90412939	0.90872276	0.89637925	0.91259207	0.89813315	0.90109251	0.90004363	0.89530633	0.90303254	0.89970922	0.89955214	0.90381250	0.89984329	0.89751308	0.89987559	0.89535410	0.90184228	0.89543010	0.89246234	0.89675648	0.89225411	0.87951637	0.88754213	0.89980917	0.90211247	0.90217206	0.90381922	0.90663132	0.89826241	0.89897747	0.90456281	0.89951872	0.89952641	0.90128180	0.90113687	0.90132549	0.89694992	0.90210875	0.89437591	0.87902551	0.90286228	0.89634892	0.88039232	0.88462318	0.88372125	0.87907571	0.89986649	0.86473873	0.89996548	0.89141149	0.88030165	0.88310890	0.90438325	0.89245101	0.89886570	0.90222099	0.90548444	0.89896474	0.89610589	0.89847077	0.89311164	0.90132969	1.01881436	0.93176069	0.88125095	0.93583327	0.93319022	0.87103992	0.89124083	0.89077895	0.89873635	0.91338104	0.91083426	0.97010487	0.92009630	0.90861247	0.93011275	0.97434978	0.93996827	0.96457299	0.98016376	0.93822845	0.91734778	0.94054568	0.94819317	0.96319973	0.90529353	0.94572966	0.96100981	0.94977509	0.96415004	0.90970748	0.93722031	0.91371724	0.91404797	0.95962691	0.93304601	0.94855909	0.92297595	0.86764711	0.86417136	0.90983679	0.89637038	0.93398908	0.86663718	0.93659422	0.93489573	0.93916537	0.93107666	0.93156762	0.89475394	0.86857996	0.89681029	0.87722082	0.89563003	0.88534808	0.88496614	0.88598034	0.89798240	0.89736712	0.86350858	2.97368950	3.11894154	0.87115493	0.94334980	0.87734549	0.88177681	0.86564808	0.87136855	0.87170207	0.89701849	0.86719275	0.87666748	0.86697602	0.90090458	0.86876120	0.87188347	0.86517330	0.87949482	0.86495363	0.88555704	0.89254251	0.90946059	0.90773036	0.91014793	0.93927414	0.89483007	0.89473390	0.89446749
AGM       	0.98327836	0.94848970	0.91901294	0.95716800	0.00000000	0.86195095	0.93186427	0.94621847	0.89296735	0.87178173	0.88227198	0.88512746	0.88850238	0.88591323	0.89761895	0.90185099	0.89164506	0.88972613	0.88081963	0.89559453	0.87999986	0.86964914	0.90646412	0.89884324	0.89625580	0.89261919	0.89250704	0.86153602	0.88185732	0.89759522	0.89607903	0.86907302	0.88915656	0.89589070	0.88302836	0.89796864	0.88426010	0.86907518	0.89503375	0.87834013	0.86280294	0.88243974	0.89717912	0.89988800	0.89105568	0.89032313	0.88652161	0.88053805	0.90264503	0.90825325	0.89578327	0.91130527	0.89689349	0.89160290	0.89038922	0.89294099	0.89811681	0.89219763	0.88820155	0.90278678	0.89420318	0.89279635	0.89497049	0.89390196	0.89728824	0.89573476	0.88616847	0.89310684	0.89293996	0.88124507	0.88885552	0.89294034	0.89706341	0.89641681	0.90211384	0.89855740	0.89107717	0.89517669	0.89934966	0.89814881	0.89341098	0.89766186	0.89938496	0.89909493	0.89645127	0.89892388	0.89112934	0.87708819	0.89300150	0.90110294	0.88452369	0.88143438	0.88744651	0.88219430	0.89582939	0.86868480	0.89639800	0.89162625	0.88146382	0.87836453	0.90261872	0.89791352	0.89812175	0.89904469	0.89913916	0.89976039	0.89143874	0.89780607	0.89356142	0.89482049	1.08997900	0.92190283	0.87111866	0.92103172	0.92079241	0.86757529	0.89211898	0.89057543	0.89150442	0.90127421	0.92191388	0.98105647	0.89632617	0.94300259	0.90330827	0.93807863	0.94298605	0.96345429	0.99993375	0.90730552	0.91533610	0.93375630	0.95928093	0.95944691	0.91157817	0.94823571	0.95171128	0.93981637	0.95301380	0.89428065	0.93448739	0.92204074	0.90035234	0.95822125	0.94154564	0.93351254	0.92782132	0.86442756	0.87131643	0.90651169	0.88755322	0.92043057	0.87466075	0.91641356	0.92253174	0.92909227	0.91931374	0.91914963	0.89349199	0.86208153	0.89299366	0.87080750	0.90029479	0.87732660	0.88278176	0.88506609	0.88822001	0.88934817	0.86343787	2.96828920	3.10560515	0.86215382	0.93711427	0.87656161	0.88338619	0.85781844	0.86388292	0.87190351	0.90035081	0.87405072	0.87521850	0.86031590	0.89579137	0.86337743	0.87515109	0.86108150	0.87586534	0.86151099	0.88793440	0.88570138	0.90222485	0.89763945	0.89915162	0.90983818	0.88846782	0.88986278	0.89086881
AHC       	0.93813435	0.87530621	0.84382473	0.88422287	0.86195095	0.00000000	0.83205007	0.87165071	0.85883838	0.83891163	0.84056843	0.83956705	0.85478271	0.85348816	0.86104910	0.86769491	0.86061603	0.85870898	0.84893971	0.85910215	0.83497262	0.81771454	0.86243280	0.86069116	0.86054848	0.86499918	0.85177016	0.81933276	0.84278721	0.85714235	0.86259881	0.82215511	0.85643729	0.86218714	0.84074613	0.86217348	0.85166586	0.81732105	0.86085631	0.83860782	0.81425051	0.83635617	0.85538339	0.86496918	0.86359636	0.86153187	0.84067538	0.83648975	0.86299406	0.87223706	0.85617918	0.87082508	0.85159267	0.85941284	0.85350242	0.84972988	0.85874976	0.85736074	0.85659280	0.86275860	0.85727606	0.85608201	0.85773778	0.85050410	0.86030449	0.84681271	0.84285486	0.86065984	0.86059760	0.83602282	0.84384510	0.85634790	0.86334306	0.86243416	0.86775307	0.86491539	0.85234947	0.85279855	0.86556445	0.85779633	0.85425956	0.86231188	0.85670724	0.85961248	0.86123677	0.85762009	0.85349309	0.83635141	0.85581232	0.85826864	0.83489965	0.83802241	0.83930736	0.83999155	0.85739873	0.81531344	0.85620817	0.85473199	0.83427005	0.83819476	0.86793096	0.85629024	0.86350308	0.86464755	0.86467406	0.86005466	0.85367738	0.85534295	0.85844602	0.86222231	1.05780158	0.90824587	0.83003985	0.91319685	0.90499779	0.81715863	0.85496746	0.86027421	0.86520418	0.87465448	0.84624674	0.90121599	0.86189111	0.87477926	0.86627708	0.93156749	0.85260475	0.94718255	0.95521579	0.90866105	0.88487581	0.89908616	0.89424927	0.92711839	0.87381493	0.89386063	0.90316731	0.88958272	0.92394659	0.86418199	0.88503772	0.88295578	0.86637145	0.90056660	0.92415725	0.90087060	0.85472353	0.81318613	0.81054242	0.87486002	0.85260303	0.90800045	0.82254980	0.90987827	0.90791001	0.91207158	0.90781337	0.90657700	0.85619731	0.81693244	0.85826046	0.82657311	0.85855872	0.82761647	0.84559481	0.84289404	0.86052240	0.85240363	0.81503079	2.93293166	3.09446541	0.81754339	0.92054139	0.83294159	0.82644902	0.81383497	0.81569653	0.82952036	0.86418647	0.82328908	0.83139473	0.80798364	0.86319345	0.80947132	0.82330077	0.81633981	0.82856895	0.81994631	0.84248049	0.84772830	0.87787841	0.87307995	0.87765080	0.90619776	0.85803946	0.85550966	0.85829677
APG       	0.95901975	0.91840796	0.91135160	0.90630981	0.93186427	0.83205007	0.00000000	0.91324123	0.91618699	0.89384951	0.90045547	0.89987219	0.91646415	0.91513770	0.91911474	0.92744068	0.92420497	0.91617056	0.90034097	0.91977177	0.89947654	0.87519258	0.91869878	0.91976521	0.91558776	0.91360942	0.91283474	0.87948400	0.89671098	0.91831588	0.92177615	0.88240773	0.91456664	0.91754677	0.89214505	0.91970221	0.91251849	0.87756135	0.91944351	0.89267502	0.87058653	0.89955439	0.92292205	0.91465442	0.91659878	0.91878217	0.90417227	0.89554699	0.92027694	0.92665296	0.91388423	0.92744968	0.91569897	0.91907546	0.91336033	0.91229760	0.92295994	0.91423553	0.90955116	0.91514717	0.91323119	0.91273452	0.91601664	0.91371452	0.91533242	0.91266229	0.90344447	0.91617572	0.91812006	0.89407879	0.90588724	0.91506808	0.91829117	0.92205860	0.92387176	0.91657329	0.91197868	0.91010280	0.91653563	0.91772264	0.91581818	0.92112734	0.91961495	0.91596380	0.91304834	0.91921051	0.91938597	0.89375864	0.91168753	0.91951211	0.89111988	0.89511083	0.89753324	0.90167485	0.91375372	0.87639827	0.91657544	0.91481404	0.89401185	0.89859062	0.91674648	0.90648462	0.92473815	0.92376848	0.91885985	0.92040130	0.91488716	0.91873369	0.91602674	0.92136267	1.09956851	0.95527071	0.88784184	0.96164232	0.95753961	0.86706423	0.90834343	0.92304671	0.92485260	0.93408626	0.87347570	0.96125634	0.91255192	0.89998044	0.90020194	0.96641649	0.92063736	1.01411698	1.01240001	0.97701529	0.93643518	0.95370068	0.93937259	0.97921070	0.90565245	0.93330935	0.95855723	0.94474552	0.97633592	0.89141802	0.94967141	0.89461442	0.90217681	0.91242748	0.97228711	0.96022902	0.91777051	0.86941673	0.86530822	0.93185244	0.89854002	0.96202209	0.88193041	0.96488460	0.95396579	0.96095119	0.95658157	0.95716908	0.91715920	0.87480743	0.91900795	0.88736480	0.91463130	0.89298991	0.89731509	0.89939601	0.91481125	0.91912500	0.87759809	2.96647885	3.10195133	0.88367836	0.96632408	0.89216530	0.89772966	0.87736181	0.87771232	0.89308048	0.91654199	0.88067620	0.89051760	0.87480000	0.91405717	0.87923446	0.88324310	0.88024882	0.89188392	0.87871212	0.90788839	0.90232573	0.93524394	0.93062680	0.92849113	0.95568559	0.91778458	0.91545354	0.91738701
APH       	0.99095602	0.94960308	0.91863317	0.94504768	0.94621847	0.87165071	0.91324123	0.00000000	0.90818313	0.88155861	0.88683867	0.89262632	0.90276458	0.89966523	0.91214686	0.91338781	0.90530823	0.90313670	0.88871586	0.90920434	0.88728122	0.87027862	0.90856314	0.90840565	0.90702865	0.91007649	0.90704135	0.86796731	0.88956368	0.90864294	0.90759298	0.86741837	0.90329996	0.90942555	0.88332365	0.90486047	0.89584735	0.86989170	0.90938550	0.89111626	0.86869815	0.88765664	0.90463164	0.90502326	0.91189229	0.90874655	0.88809761	0.88965094	0.91032962	0.91901339	0.90908442	0.92080727	0.90284312	0.90710526	0.90282302	0.90455098	0.90741274	0.90894240	0.90872246	0.91015473	0.90604564	0.89998291	0.90514586	0.90625882	0.90695068	0.90467000	0.89200281	0.90699569	0.90834259	0.88007819	0.88869116	0.90232672	0.90672872	0.91387969	0.91502773	0.90665956	0.90245731	0.90536132	0.90900642	0.90610363	0.90929967	0.90864277	0.90888651	0.91398547	0.91231704	0.90771276	0.90519774	0.88492607	0.90668998	0.90870248	0.88592605	0.88759779	0.89051318	0.88951700	0.90568182	0.86556613	0.90829675	0.90757948	0.88641679	0.88586090	0.90916395	0.90531605	0.90878078	0.90832077	0.91120410	0.91011661	0.90185249	0.90580412	0.90947277	0.90422283	1.11243796	0.94806955	0.87777280	0.95585350	0.94685666	0.85885691	0.90360329	0.90367384	0.90653994	0.91333036	0.84530552	0.86289723	0.86980586	0.91969584	0.90007414	1.00219144	0.89493267	1.00003690	1.00025842	0.89980366	0.88062341	0.93029558	0.97428932	0.99360490	0.87859439	0.91909233	0.91324165	0.88092461	0.98621422	0.84852539	0.94442538	0.87597042	0.86469975	0.87525730	0.96964513	0.94785922	0.88223224	0.85465999	0.85374910	0.92381717	0.89586928	0.95042257	0.86773118	0.95389792	0.94889415	0.96010170	0.95190790	0.95163512	0.89765002	0.86499795	0.90872803	0.87255570	0.91240126	0.87964600	0.89708858	0.89060993	0.90740170	0.90499501	0.86835658	2.94748298	3.08969123	0.86763876	0.95991397	0.88014602	0.88018973	0.87373685	0.87479262	0.88079761	0.90596114	0.87182999	0.88061995	0.86273112	0.90674958	0.87032935	0.87421474	0.86802544	0.88648743	0.86778992	0.89398086	0.89138492	0.92402742	0.91668548	0.92031476	0.95008936	0.89785761	0.90011226	0.89661753
BE001     	0.93338040	0.95363611	0.91192045	0.89296105	0.89296735	0.85883838	0.91618699	0.90818313	0.00000000	0.80988856	0.80849753	0.81033952	0.78849375	0.80641196	0.77441956	0.78771738	0.74239053	0.74734706	0.81057562	0.78020021	0.81179436	0.80404877	0.78718666	0.78828352	0.77874695	0.82911475	0.76820573	0.79806639	0.81161707	0.78178596	0.79837286	0.80868549	0.79966725	0.78681115	0.81186732	0.80910989	0.80266387	0.80439613	0.78311800	0.80746109	0.79712606	0.81110709	0.78171727	0.75156266	0.75190744	0.79805111	0.81048372	0.81070839	0.78597389	0.79401185	0.78292707	0.78958184	0.75873185	0.78124636	0.74822691	0.74695955	0.74947993	0.76092455	0.77835441	0.79309726	0.75090842	0.75152117	0.74892012	0.74961381	0.76766853	0.76261072	0.81379803	0.77487465	0.79527828	0.81055340	0.80572285	0.74654790	0.78257035	0.76327251	0.78152491	0.77859121	0.74575776	0.74757647	0.77384800	0.78822290	0.78465411	0.79038159	0.78267418	0.78615167	0.78414204	0.78648376	0.74623469	0.81019766	0.78141747	0.77661748	0.81227219	0.81689825	0.81482990	0.80735439	0.78050822	0.80301239	0.74729703	0.75854103	0.81218471	0.80857291	0.79624038	0.76697101	0.79666405	0.79670758	0.79358322	0.77273942	0.76113111	0.74670718	0.74979777	0.77398159	1.02318158	0.84321991	0.82337844	0.84274723	0.84151295	0.81924437	0.79441318	0.80157742	0.80085249	0.81153207	0.86814671	0.93465207	0.88315874	0.89259341	0.87753790	0.94804822	0.93093365	0.92595529	0.95500205	0.88589291	0.88614487	0.88552874	0.93242710	0.92097512	0.87551518	0.89396323	0.91440550	0.88516459	0.92986753	0.86239972	0.90578087	0.88522493	0.87856307	0.92456144	0.91861075	0.91091957	0.88215055	0.81925998	0.82086171	0.84432855	0.81852954	0.84030239	0.80706863	0.84114154	0.84056772	0.84303452	0.84354913	0.84241656	0.80799509	0.80135409	0.79046480	0.82043260	0.78067360	0.81462226	0.78751775	0.79346523	0.80794458	0.81132867	0.80335020	2.89954568	3.04538703	0.80152469	0.87095603	0.81402548	0.81411771	0.79833293	0.79894269	0.80931265	0.81641178	0.80787941	0.80443299	0.79868402	0.74839372	0.80139142	0.79794138	0.79693400	0.81759652	0.80169828	0.81399231	0.81815303	0.83884159	0.83165772	0.83700568	0.85662517	0.80101454	0.79750832	0.79795331
BE002     	0.91499660	0.93107925	0.89137245	0.88400539	0.87178173	0.83891163	0.89384951	0.88155861	0.80988856	0.00000000	0.78231182	0.77505165	0.80203126	0.80661610	0.80660673	0.81345234	0.80906701	0.80285530	0.77307739	0.81040177	0.77855027	0.77076058	0.80986258	0.81478145	0.80332732	0.81262689	0.80457493	0.76748662	0.77768280	0.80803669	0.81170227	0.77885996	0.80112004	0.80588707	0.77713006	0.80890996	0.80177136	0.76962525	0.80937603	0.77347523	0.76943130	0.77652660	0.80416923	0.80863164	0.80396135	0.80303542	0.77377549	0.77419467	0.81350678	0.81704352	0.80452792	0.82221772	0.80361072	0.80898613	0.80774063	0.80540510	0.80455771	0.80721997	0.80628604	0.81369334	0.80979586	0.80397200	0.80618298	0.80833063	0.81081730	0.80592020	0.78086219	0.80661395	0.80440618	0.77920452	0.77987216	0.80509855	0.81043238	0.81181070	0.81750880	0.81534198	0.80892825	0.80603930	0.81192007	0.81063968	0.80912868	0.80947431	0.80757122	0.80827323	0.81023132	0.80813871	0.80594937	0.77693378	0.80787932	0.80851332	0.77820844	0.77604290	0.77424064	0.77299345	0.81099579	0.77528851	0.80528109	0.80546558	0.77688539	0.78188323	0.81308645	0.80789034	0.81047193	0.81182756	0.81249034	0.81335960	0.80417688	0.81056790	0.81023025	0.80923528	0.99544290	0.86448794	0.80531526	0.86761387	0.86274567	0.79716766	0.79220862	0.80606300	0.81092199	0.82274099	0.85124692	0.91797447	0.86115668	0.86428543	0.85515345	0.93544873	0.90910474	0.91330457	0.93528475	0.86948901	0.86492954	0.87026451	0.91527980	0.90889866	0.84957434	0.87944386	0.89226254	0.85741815	0.91424644	0.83674523	0.89057759	0.85536836	0.86310424	0.90156364	0.90098681	0.89953378	0.85806105	0.78919717	0.79403302	0.82815094	0.80899382	0.86459737	0.76906189	0.86634074	0.86563716	0.87024438	0.86242575	0.86212674	0.80666456	0.77643653	0.80521569	0.79280545	0.80756015	0.79472302	0.78770728	0.79090213	0.80291543	0.79641812	0.76830378	2.87602221	3.03939586	0.77286858	0.86892075	0.78037314	0.78387959	0.76840385	0.77307238	0.78187736	0.81281734	0.77739624	0.78005509	0.76873817	0.80752096	0.77191361	0.77922166	0.76777248	0.80085432	0.76956093	0.79144406	0.76575744	0.83176072	0.82869198	0.82106880	0.86181763	0.80866064	0.80344985	0.80328656
BE003     	0.92803594	0.93585387	0.89111109	0.88493247	0.88227198	0.84056843	0.90045547	0.88683867	0.80849753	0.78231182	0.00000000	0.77977198	0.80332536	0.81174394	0.80865313	0.80915918	0.80421137	0.80450163	0.78276233	0.80961717	0.78453265	0.77710851	0.81170270	0.81116498	0.81130274	0.81947687	0.80419460	0.77177967	0.78422552	0.81005073	0.81646810	0.78278934	0.80788764	0.81012330	0.78082657	0.81445956	0.80686712	0.77401933	0.80768552	0.77767012	0.76893045	0.78277296	0.80348698	0.80865143	0.80663506	0.81134457	0.78469729	0.78383715	0.80921164	0.81698473	0.80625760	0.82239754	0.80470809	0.81039588	0.80549160	0.80935900	0.80761256	0.80734956	0.81057523	0.81496830	0.80989367	0.80640731	0.81073108	0.80593779	0.80769105	0.80720650	0.79164587	0.80537826	0.80627548	0.78312512	0.78534693	0.80792472	0.80846519	0.81142945	0.81142435	0.81417874	0.80718470	0.80547507	0.81191412	0.81147818	0.81147457	0.81069944	0.80837813	0.81079935	0.80887638	0.80898883	0.80550128	0.78184184	0.80921859	0.81359731	0.78292452	0.78289738	0.77886393	0.77683366	0.81104344	0.77532969	0.80839771	0.80615136	0.78099536	0.78473104	0.81629441	0.80556344	0.81165152	0.81731997	0.81401077	0.81122817	0.80546725	0.80538125	0.80909738	0.80186277	1.00968485	0.86678367	0.81048782	0.86792891	0.86825050	0.80173111	0.80142860	0.81065660	0.81393251	0.82400923	0.85764812	0.92616443	0.87089487	0.87205898	0.86082118	0.93791453	0.90859639	0.92159556	0.94726109	0.86798175	0.86951780	0.87444408	0.91436937	0.91356881	0.85927648	0.87421410	0.90078044	0.87154575	0.91169499	0.84998485	0.89319796	0.87032183	0.86401750	0.91656018	0.90585135	0.89877796	0.86162150	0.80022980	0.79833930	0.83369765	0.81573609	0.86911850	0.77883702	0.86978729	0.86597464	0.87323506	0.86650001	0.86462882	0.81000937	0.77469124	0.81070555	0.79729142	0.80724222	0.79556930	0.79317115	0.80141665	0.80733166	0.79716422	0.77207037	2.87562938	3.04331638	0.77577720	0.87492662	0.78489805	0.78702056	0.76923814	0.77222023	0.78073667	0.81839535	0.78273146	0.78349732	0.76783183	0.80921883	0.77321869	0.77970729	0.77042704	0.80599159	0.77396710	0.79336565	0.79263844	0.83689438	0.83549836	0.82981472	0.86488102	0.80614690	0.80445399	0.80442026
BE004     	0.92578088	0.93842006	0.89416627	0.88399094	0.88512746	0.83956705	0.89987219	0.89262632	0.81033952	0.77505165	0.77977198	0.00000000	0.80168341	0.80970320	0.80649560	0.81588558	0.81380920	0.81241863	0.73521081	0.81200244	0.77319258	0.77530019	0.81204906	0.81616725	0.80988707	0.81609055	0.80732586	0.77320475	0.78021579	0.80931757	0.81595802	0.78663853	0.80310471	0.80989528	0.73180547	0.81551857	0.80134621	0.77773098	0.81077652	0.78000207	0.77392453	0.76343872	0.81038547	0.81439555	0.81265433	0.80771428	0.74218784	0.73535605	0.81742180	0.82427713	0.81290666	0.82339433	0.80500247	0.80943071	0.80948726	0.80890350	0.81212830	0.81371513	0.81033947	0.81294957	0.80840477	0.81096616	0.81292687	0.80965396	0.80909567	0.81021666	0.78642505	0.80895412	0.80921025	0.78233150	0.78497660	0.80617464	0.81011675	0.81549306	0.81152440	0.81976129	0.80691971	0.80804608	0.81611446	0.80893329	0.81249210	0.81344404	0.81843740	0.81174502	0.81391527	0.81577853	0.81030444	0.77771475	0.81485452	0.81424173	0.76450558	0.76793831	0.73973424	0.77874662	0.81119517	0.77980493	0.81194461	0.80932947	0.77742014	0.78180764	0.81724835	0.80712263	0.81331591	0.81328922	0.81536179	0.81552617	0.81080440	0.81081792	0.81282160	0.81392736	1.00479920	0.85190650	0.80843551	0.85962344	0.85534219	0.80629317	0.80366662	0.80764394	0.80758719	0.81763091	0.86263543	0.92460827	0.87216106	0.87411237	0.85965299	0.94216310	0.91549761	0.92346874	0.94059115	0.86833307	0.86883922	0.87155879	0.91913303	0.91011145	0.86017619	0.88010015	0.90279501	0.87302999	0.91439575	0.85240406	0.89237317	0.86800335	0.86678155	0.91244092	0.89942351	0.89929679	0.86038992	0.79527818	0.79566674	0.83409545	0.80800009	0.85896133	0.77916096	0.85958788	0.86064505	0.86116527	0.85632840	0.86306688	0.80517025	0.78194365	0.80879784	0.79756854	0.81054027	0.79961330	0.78777895	0.79721848	0.80756951	0.79406602	0.77312786	2.85359238	3.03219876	0.77860035	0.87162179	0.78672938	0.78560635	0.77522605	0.77180940	0.78303720	0.81737842	0.78663903	0.78409368	0.77576950	0.80586993	0.77844012	0.77979215	0.77401478	0.80371090	0.77482005	0.79091697	0.78920662	0.83392635	0.83055876	0.82251065	0.86325345	0.80532457	0.80858558	0.80999079
BE005     	0.93158539	0.95359400	0.89956008	0.89077641	0.88850238	0.85478271	0.91646415	0.90276458	0.78849375	0.80203126	0.80332536	0.80168341	0.00000000	0.77886812	0.79826668	0.80329882	0.78995913	0.79405707	0.80377065	0.79107148	0.79790837	0.79270416	0.79754893	0.79889699	0.79322161	0.81868550	0.79068813	0.79524779	0.80125118	0.79792403	0.77853454	0.80119570	0.77936262	0.79583135	0.80087653	0.78195775	0.77135381	0.79485486	0.79607579	0.79919925	0.79106690	0.80158920	0.79745757	0.79381243	0.79678415	0.76537836	0.80862571	0.80297644	0.79301433	0.80742212	0.79758761	0.80932067	0.79734589	0.79621289	0.79187937	0.79172234	0.79065820	0.79298122	0.80078874	0.79870785	0.79452150	0.79327965	0.79551413	0.79383171	0.79333670	0.79267552	0.79880120	0.79434483	0.77290342	0.79962499	0.79938525	0.79118564	0.79718718	0.79649931	0.80226698	0.80487498	0.79400844	0.79074877	0.79578360	0.79776761	0.79813238	0.80109139	0.79442869	0.80069803	0.79788641	0.80042695	0.79460979	0.79788047	0.79217206	0.80109859	0.80431634	0.81094721	0.79741375	0.79574710	0.79818163	0.79476788	0.79047779	0.79324492	0.79957603	0.80243340	0.80586661	0.79303412	0.80034925	0.79922856	0.80439259	0.79971957	0.79523572	0.78892475	0.79215378	0.79830441	1.01650796	0.82900285	0.81251460	0.83916617	0.83337266	0.81538995	0.77649905	0.77913384	0.78696507	0.78372617	0.86933913	0.93730087	0.88247643	0.88824922	0.86957036	0.94429241	0.92912668	0.92567120	0.94855974	0.88270851	0.88088530	0.87823329	0.92357734	0.91637886	0.87218532	0.88747304	0.90857651	0.87906325	0.92066468	0.85894800	0.90324866	0.88558388	0.87410593	0.92017358	0.91664913	0.91113497	0.87976316	0.80855593	0.80948888	0.83444763	0.81361657	0.83020734	0.79148436	0.83416802	0.83521883	0.83590732	0.83045298	0.83316668	0.76938441	0.79513157	0.76223118	0.81478449	0.79251202	0.81323759	0.77975248	0.78307408	0.79019589	0.80071595	0.79331448	2.89361653	3.04598031	0.79519964	0.86249804	0.80678736	0.80591508	0.79200937	0.79049327	0.79848850	0.79883939	0.79766510	0.78960606	0.79185260	0.79343960	0.79340412	0.79593633	0.79192932	0.81073626	0.79159247	0.80261737	0.80510354	0.83064619	0.82479953	0.82205979	0.84601156	0.78247562	0.77803961	0.77899102
BE006     	0.92869172	0.95258792	0.89912247	0.89239979	0.88591323	0.85348816	0.91513770	0.89966523	0.80641196	0.80661610	0.81174394	0.80970320	0.77886812	0.00000000	0.81030260	0.81085494	0.80389910	0.80446525	0.80824823	0.80323845	0.80144001	0.79787482	0.80798572	0.80737548	0.80854714	0.81852269	0.80511823	0.80041264	0.80652029	0.80385457	0.77551563	0.80571181	0.77499420	0.80624627	0.80676955	0.74002210	0.73156215	0.79984188	0.80531686	0.80131512	0.79551352	0.80795404	0.80638534	0.80602608	0.80670150	0.78098762	0.80849455	0.80395870	0.80516531	0.81966765	0.80466757	0.82020916	0.80032090	0.80805144	0.79897382	0.80071267	0.80482324	0.79903827	0.80806379	0.80730154	0.80140089	0.80684738	0.80277503	0.80304011	0.80355378	0.79851872	0.80140330	0.80585919	0.78684327	0.80040126	0.80703532	0.79994382	0.80946152	0.80703934	0.81063734	0.80973156	0.80260113	0.80160745	0.80813153	0.80942070	0.80536656	0.80679856	0.80285083	0.80720491	0.80431257	0.80411469	0.80362417	0.80131571	0.80325095	0.80316736	0.80256896	0.80287003	0.80643505	0.80403256	0.80650462	0.79886624	0.80354874	0.80229216	0.80140492	0.80564273	0.81148613	0.79527230	0.80138753	0.80628899	0.80405353	0.81030532	0.80041267	0.80106179	0.80380464	0.80524847	1.01534534	0.83242528	0.81868023	0.83937084	0.83360280	0.81602285	0.77180265	0.77778280	0.78352371	0.78732958	0.87362080	0.93330151	0.87915420	0.88786216	0.87189074	0.94393196	0.92743845	0.93672937	0.95294237	0.88790050	0.88325419	0.88580473	0.93153198	0.92576257	0.86720911	0.89669884	0.91261508	0.88318306	0.93099867	0.86494262	0.90196079	0.88476723	0.87524631	0.92063232	0.91719539	0.91266991	0.87941358	0.80988615	0.81174119	0.83530648	0.81291893	0.83506756	0.79349848	0.83654301	0.83372292	0.84131268	0.83549079	0.83288300	0.73380445	0.79766930	0.78484328	0.81676542	0.80416926	0.81495493	0.77502221	0.77910509	0.79346425	0.80665089	0.79785945	2.89662377	3.04669350	0.79940009	0.86472459	0.80262790	0.80473576	0.79441822	0.79631449	0.79764035	0.78920591	0.80022377	0.79714070	0.79200131	0.80776894	0.79512663	0.80245985	0.79775799	0.80919293	0.79842128	0.81304478	0.80584347	0.83137939	0.83125123	0.82431984	0.84962953	0.77345795	0.76953998	0.76835943
BE007     	0.93658419	0.95610800	0.91023106	0.89761153	0.89761895	0.86104910	0.91911474	0.91214686	0.77441956	0.80660673	0.80865313	0.80649560	0.79826668	0.81030260	0.00000000	0.78198321	0.77812942	0.77873768	0.81206354	0.78443863	0.80832072	0.80070382	0.78932815	0.78908965	0.78695901	0.82877656	0.77772679	0.79865610	0.81291251	0.78865827	0.80777177	0.80886521	0.80001029	0.78724895	0.81234685	0.81716981	0.80636715	0.80530818	0.78301261	0.80570290	0.79836475	0.81266741	0.77871568	0.78260636	0.77483425	0.80259845	0.81279392	0.80805898	0.78665022	0.78296806	0.79070567	0.73713997	0.77206745	0.78302262	0.77597306	0.77635162	0.77899657	0.77388562	0.75455644	0.79364524	0.77663794	0.77644969	0.77847379	0.77838298	0.78452351	0.77475450	0.81359599	0.77656677	0.79576167	0.81045593	0.80977999	0.77730717	0.73990850	0.78157147	0.72963303	0.73157344	0.77859628	0.77600585	0.72325127	0.78696421	0.78785217	0.79107327	0.78612218	0.78401131	0.78523969	0.79124622	0.77858570	0.81120167	0.79034576	0.72399131	0.81128724	0.81271211	0.81094849	0.81212685	0.78577339	0.80181162	0.77869209	0.77639736	0.80978577	0.81118585	0.79590536	0.77526812	0.79443423	0.79630900	0.79619104	0.72476800	0.77433076	0.77685848	0.77757685	0.71990222	1.03104962	0.84412859	0.82336570	0.84415202	0.84034528	0.82377059	0.79382704	0.80792678	0.80885918	0.81644063	0.87526086	0.94338773	0.88887484	0.89216725	0.87773845	0.95223616	0.93289714	0.92782420	0.95508849	0.88635258	0.89182550	0.88162845	0.93307020	0.92501659	0.87621662	0.89423694	0.91712188	0.88878246	0.92809400	0.86211037	0.90349399	0.88795006	0.87689218	0.93013757	0.91958344	0.90871504	0.88279456	0.81971921	0.81727803	0.84238540	0.81734438	0.84682750	0.80612390	0.84667880	0.84463385	0.84691987	0.84414690	0.84554557	0.81186056	0.80194818	0.79674416	0.81971428	0.78594317	0.81940913	0.79048492	0.79792304	0.81408784	0.81594769	0.80360438	2.90670084	3.04954603	0.80023180	0.87447388	0.81125768	0.81581558	0.80073482	0.79771847	0.81018187	0.82131670	0.80773371	0.80910710	0.80345702	0.77519783	0.80587716	0.80164029	0.80126576	0.82184345	0.80245550	0.81669070	0.81545118	0.83735851	0.83690630	0.83671795	0.85530188	0.80233224	0.80411562	0.80589986
BE008     	0.94221534	0.96270865	0.92021145	0.90550325	0.90185099	0.86769491	0.92744068	0.91338781	0.78771738	0.81345234	0.80915918	0.81588558	0.80329882	0.81085494	0.78198321	0.00000000	0.78588963	0.78589286	0.81555433	0.74547473	0.81182664	0.80665822	0.77967846	0.77809284	0.78350098	0.83222169	0.78875075	0.80762166	0.81418126	0.77056144	0.81165584	0.82071224	0.80384367	0.77109291	0.81523225	0.81206509	0.81403879	0.80885589	0.77304364	0.81179125	0.80007810	0.81623909	0.78793334	0.78826835	0.78423485	0.80004847	0.82069152	0.81834466	0.75351932	0.80692499	0.77677875	0.79733647	0.79094651	0.73061506	0.78875244	0.78658810	0.79295198	0.79057776	0.79015142	0.80874788	0.79182771	0.78812458	0.79083292	0.78966358	0.79425117	0.79226919	0.81980846	0.79333243	0.80213505	0.81732298	0.81788782	0.78990453	0.79498420	0.78959740	0.78981724	0.79237949	0.78377025	0.78714291	0.78845057	0.79294890	0.74626252	0.79529844	0.77141782	0.76936945	0.77041917	0.77151377	0.78520971	0.81520020	0.77604768	0.79026794	0.81319045	0.81723491	0.81398712	0.81356256	0.75225087	0.80713329	0.79026286	0.78745891	0.81501873	0.82081607	0.79584910	0.78833703	0.81111160	0.81046823	0.80856668	0.78947620	0.78944215	0.79084231	0.78697975	0.79085470	1.02936493	0.84163292	0.82486408	0.84532191	0.84548994	0.82889681	0.80036645	0.80469860	0.80511600	0.81906582	0.88588201	0.94681298	0.89388876	0.89885431	0.87734268	0.96073949	0.94585016	0.93242978	0.95976256	0.88729126	0.89411256	0.88784296	0.93716379	0.92527039	0.87963868	0.90076368	0.91864088	0.89156481	0.93507532	0.86578409	0.91239013	0.89218364	0.88819440	0.93751225	0.92134422	0.92026624	0.89629129	0.82322072	0.82146002	0.84975207	0.82121336	0.84426484	0.81049768	0.84610413	0.84698688	0.84900861	0.84385665	0.84418685	0.81318146	0.81025017	0.80148075	0.82307315	0.77061022	0.82228622	0.79565188	0.80051206	0.81571142	0.81901902	0.80738335	2.91315167	3.06630687	0.81250077	0.87507280	0.81916885	0.81944869	0.80440023	0.80931510	0.81497919	0.82042159	0.81524304	0.81182315	0.80750887	0.79075286	0.81059650	0.81658877	0.80905526	0.82554768	0.81054982	0.82068767	0.82418115	0.84672818	0.84054126	0.83853658	0.85781815	0.80766108	0.80290797	0.80151546
BE009     	0.93262827	0.95202659	0.90757013	0.89858314	0.89164506	0.86061603	0.92420497	0.90530823	0.74239053	0.80906701	0.80421137	0.81380920	0.78995913	0.80389910	0.77812942	0.78588963	0.00000000	0.73826534	0.81582078	0.78046504	0.80904137	0.80431733	0.78701237	0.78245812	0.78526881	0.82723341	0.75809563	0.79993998	0.80829847	0.77962260	0.80444640	0.80695936	0.79548104	0.78151246	0.81085077	0.80498365	0.79941261	0.80168078	0.78266829	0.80360094	0.79718220	0.81568503	0.77121912	0.73941629	0.73756348	0.79292901	0.80845159	0.81041795	0.78547306	0.78783275	0.77844793	0.78472888	0.75343567	0.78412236	0.72165549	0.73586321	0.73438467	0.75926007	0.77744621	0.79737838	0.73558884	0.73654079	0.74946001	0.73990490	0.76449385	0.75646705	0.81313005	0.76986301	0.79333831	0.80727147	0.80717839	0.73521846	0.77282020	0.76352511	0.77726349	0.77684395	0.74451044	0.73478416	0.77588932	0.78322060	0.78207264	0.78607270	0.78325019	0.78233957	0.78338048	0.78653418	0.73793608	0.80815619	0.77991255	0.77390479	0.80865591	0.80996206	0.81017653	0.80461693	0.78176242	0.79891116	0.73977655	0.75197051	0.80511419	0.80478079	0.79361808	0.75553213	0.79082456	0.79552951	0.79167266	0.77427983	0.75470145	0.73682290	0.73958326	0.77427891	1.02353205	0.84344867	0.81850342	0.84391014	0.83889190	0.82260087	0.79451747	0.79943840	0.80482857	0.81418987	0.87255510	0.94130759	0.88127915	0.88667479	0.87961511	0.95025998	0.92914754	0.92456819	0.95192334	0.88071439	0.88399248	0.88559711	0.93260509	0.92203941	0.87170787	0.89549512	0.91837810	0.88403178	0.92945010	0.86120454	0.90752369	0.88289097	0.87978375	0.92345490	0.91429390	0.90917172	0.88369190	0.81718307	0.81864650	0.84216715	0.81483087	0.84008279	0.80353693	0.84278332	0.83911477	0.84536538	0.84347343	0.83968690	0.80292273	0.79903528	0.79187736	0.82148370	0.78579726	0.81613048	0.79152609	0.79227068	0.81016425	0.81119651	0.80303842	2.89475488	3.05890452	0.79859426	0.87114302	0.80888516	0.81888129	0.79677053	0.79996982	0.80890658	0.81723581	0.80599422	0.80496880	0.79802071	0.72372094	0.80273168	0.80118503	0.79596765	0.81709136	0.79881780	0.81511636	0.81637475	0.83868925	0.83188448	0.83893750	0.85420962	0.79594664	0.79651919	0.79721604
BE010     	0.93155909	0.95204712	0.90643267	0.89574438	0.88972613	0.85870898	0.91617056	0.90313670	0.74734706	0.80285530	0.80450163	0.81241863	0.79405707	0.80446525	0.77873768	0.78589286	0.73826534	0.00000000	0.81028090	0.77845880	0.81344339	0.80110474	0.78719486	0.78221338	0.78389610	0.82724376	0.76241582	0.79749845	0.80692871	0.77678812	0.80054215	0.80827125	0.79743893	0.78476021	0.81087080	0.80763714	0.79739446	0.79970576	0.77916246	0.80316397	0.80187698	0.81242031	0.77717709	0.72906332	0.74298107	0.79789573	0.81273998	0.80777979	0.78662995	0.78713179	0.78077305	0.79143816	0.75855790	0.78398720	0.74280273	0.74095941	0.74027595	0.76184788	0.77685884	0.79356180	0.73815201	0.73496781	0.75685383	0.74331569	0.77098364	0.76008071	0.81579669	0.77883960	0.79747055	0.81132523	0.80516302	0.74093155	0.77742556	0.76297400	0.78026646	0.77871976	0.74864038	0.74416488	0.77707653	0.78566180	0.78182374	0.78735242	0.78271728	0.78114037	0.77952175	0.78220970	0.72819119	0.80572075	0.77797357	0.77743261	0.81002920	0.81001391	0.81038270	0.80378798	0.78452864	0.80004005	0.73162037	0.75376755	0.80897592	0.80764994	0.78665433	0.76133280	0.79241523	0.79469161	0.79090528	0.77481053	0.76247492	0.74298133	0.73907393	0.77390504	1.01994349	0.84016314	0.82154363	0.84482694	0.84235922	0.81643482	0.79353318	0.80171430	0.80071393	0.81116747	0.87598542	0.93713470	0.88051302	0.88832519	0.87040589	0.94561062	0.92839968	0.92374380	0.94964194	0.88118938	0.88198257	0.87921853	0.92417156	0.92557236	0.87421625	0.89117855	0.91053491	0.88334216	0.91885972	0.85674448	0.90114033	0.88246962	0.87966837	0.92513811	0.91416990	0.90797728	0.88422723	0.81966708	0.81711117	0.84118486	0.82208631	0.84247330	0.80245603	0.84562497	0.84296803	0.84360129	0.84152580	0.84155961	0.80531003	0.79922643	0.79356739	0.82006978	0.78307049	0.81204693	0.78863777	0.78756114	0.80976342	0.80983777	0.80126014	2.89632136	3.04880978	0.80028942	0.87439475	0.80983515	0.81325819	0.79497870	0.79898483	0.80377117	0.82000510	0.80542497	0.80322719	0.79249337	0.73495504	0.80038936	0.79853458	0.79437317	0.81953712	0.80057765	0.81226266	0.81308470	0.83579989	0.83184890	0.83251828	0.85350141	0.80228547	0.80188152	0.79817668
